-11.989755386554153 -2.7280334728033475
-11.905894289331567 -2.7322175732217575
-11.8325117175279 -2.7405857740585775
-11.743405875283981 -2.7489539748953975
-11.664785868208146 -2.7531380753138075
-11.586162206257729 -2.7615062761506275
-11.48657418372031 -2.7698744769874475
-11.407946866895314 -2.7824267782426775
-11.3398053852384 -2.7907949790794984
-11.25069954299448 -2.7991631799163184
-11.156356265478392 -2.8033472803347284
-11.077747223026293 -2.7949790794979075
-11.009620360867695 -2.7866108786610884
-10.946749208354165 -2.7615062761506275
-10.878651585192202 -2.7196652719665275
-10.83675941276399 -2.677824267782427
-10.79486724033578 -2.6359832635983267
-10.752975067907569 -2.5941422594142263
-10.721546801399962 -2.573221757322176
-10.684881099620185 -2.5481171548117154
-10.632473853027259 -2.543933054393306
-10.585293077082765 -2.556485355648536
-10.543346081535866 -2.577405857740586
-10.496157995842214 -2.598326359832636
-10.43325394945747 -2.6108786610878663
-10.38610972225877 -2.581589958158996
-10.34945498510273 -2.543933054393306
-10.32328608311477 -2.5020920502092054
-10.29187974585464 -2.4560669456066946
-10.255232318447758 -2.410041841004184
-10.22381501656389 -2.3765690376569037
-10.171422389469281 -2.3556485355648533
-10.134774962062401 -2.3096234309623433
-10.113847150221192 -2.267782426778243
-10.087681903107812 -2.221757322175732
-10.077243581309263 -2.1715481171548117
-10.061553204740225 -2.1338912133891217
-10.040625392899017 -2.0920502092050213
-10.009153267896458 -2.1213389121338913
-9.9881633231874 -2.1506276150627617
-9.95670581768316 -2.1631799163179917
-9.9410190959887 -2.1213389121338913
-9.92535064866714 -2.0585774058577404
-9.883469440862665 -2.00418410041841
-9.841573613559877 -1.9665271966527196
-9.794381872991647 -1.99163179916318
-9.778691496422608 -1.9539748953974896
-9.773501574519967 -1.8953974895397487
-9.747336327406588 -1.8493723849372388
-9.721108947425359 -1.8744769874476988
-9.684512688262588 -1.769874476987448
-9.653025943761712 -1.8158995815899583
-9.637262469701088 -1.8619246861924688
-9.62162691625074 -1.7615062761506275
-9.595479943510258 -1.694560669456067
-9.563963960012746 -1.7740585774058575
-9.537827951896002 -1.694560669456067
-9.516933033926007 -1.6150627615062763
-9.485373191933544 -1.744769874476988
-9.48020885415296 -1.6569037656903767
-9.464587920200929 -1.5397489539748954
-9.433115795198372 -1.5690376569037654
-9.438298407351851 -1.6359832635983267
-9.41197965550614 -1.765690376569038
-9.40160346657544 -1.6443514644351467
-9.385986187497988 -1.5230125523012554
-9.370156925694937 -1.6443514644351467
-9.344006298079874 -1.5815899581589963
-9.312493969456943 -1.6569037656903767
-9.286383545462254 -1.5481171548117154
-9.265360706881982 -1.6150627615062763
-9.265360706881982 -1.6150627615062763
-9.244480408410304 -1.518828451882845
-9.218300541798607 -1.489539748953975
-9.186835726545207 -1.5104602510460254
-9.181678698513782 -1.4142259414225942
-9.16605776456175 -1.2970711297071134
-9.166134516927915 -1.209205020920502
-9.13453812618966 -1.3807531380753137
-9.113533561982287 -1.4267782426778242
-9.097938212152311 -1.280334728033473
-9.071740071167717 -1.2719665271966525
-9.045636956922184 -1.1548117154811717
-9.019358408696846 -1.2384937238493725
-8.98787531907055 -1.280334728033473
-8.972214181498147 -1.209205020920502
-8.967079082714196 -1.0878661087866108
-8.940851702732967 -1.1129707112970713
-8.90418234607861 -1.0920502092050213
-8.89889374256233 -1.1464435146443517
-8.888371358648456 -1.192468619246862
-8.867494715051357 -1.0920502092050213
-8.841325813063397 -1.0502092050209209
-8.815164220824597 -1.0000000000000004
-8.794145037118906 -1.0627615062761508
-8.76795420588347 -1.0460251046025104
-8.757534158457817 -0.9748953974895396
-8.752355201178915 -0.9037656903765692
-8.73670868310483 -0.8158995815899583
-8.705207319105636 -0.8786610878661087
-8.663205500440046 -0.9623430962343096
-8.637062182574141 -0.8912133891213392
-8.610860386714968 -0.8870292887029287
-8.59533813437658 -0.6569037656903767
-8.563887938621498 -0.6610878661087867
-8.553467891195844 -0.589958158995816
-8.543036879146454 -0.5313807531380754
-8.516813154039806 -0.5523012552301256
-8.506250566505559 -0.6443514644351467
-8.500907139870588 -0.7615062761506279
-8.490373791332974 -0.8200836820083683
-8.469493492861297 -0.7238493723849373
-8.453839665038053 -0.6443514644351467
-8.432933782444321 -0.5774058577405858
-8.406805084076733 -0.4895397489539748
-8.380541155349711 -0.5564853556485359
-8.359511007020282 -0.6317991631799162
-8.343835249949564 -0.5774058577405858
-8.317618834592071 -0.589958158995816
-8.296731226371236 -0.5020920502092052
-8.28107739854799 -0.42259414225941416
-8.265408951226428 -0.35983263598326376
-8.244404387019054 -0.4058577405857742
-8.228648222707589 -0.44351464435146437
-8.212954191263972 -0.41004184100418417
-8.202534143838317 -0.33891213389121355
-8.186869351391337 -0.27196652719665293
-8.165868442058542 -0.3138075313807531
-8.13447306942215 -0.2552301255230127
-8.113494089336829 -0.27196652719665293
-8.092449321509083 -0.36401673640167376
-8.071554403539086 -0.2845188284518829
-8.055900575715842 -0.20502092050209209
-8.040283296638393 -0.08368200836820083
-7.992992874456519 -0.2217573221757323
-7.96682031759398 -0.1841004184100421
-7.945801133888288 -0.2468619246861925
-7.930139996315885 -0.17573221757322188
-7.914577540357124 0.008368200836819994
-7.888383054247109 0.020920502092049986
-7.862217807133729 0.0669456066945604
-7.815011447067182 0.025104602510460206
-7.794083635225973 0.0669456066945604
-7.762531102982669 -0.05439330543933063
-7.731121110847958 -0.012552301255230214
-7.7155038317705085 0.10878661087866104
-7.694572365054721 0.14644351464435146
-7.657851840156251 0.10878661087866104
-7.6526911572502465 0.20083682008368187
-7.642369791438236 0.38493723849372374
-7.616054694467104 0.2594142259414225
-7.589962544845311 0.38912133891213385
-7.563709580742027 0.33472803347280333
-7.537504130008275 0.33472803347280333
-7.516481291428002 0.2677824267782427
-7.485060334669555 0.2970711297071129
-7.4643006470589945 0.5313807531380753
-7.438025753708235 0.4518828451882845
-7.411900710215227 0.5439330543933054
-7.385636781488206 0.4769874476987447
-7.364617597782513 0.41422594142259406
-7.280869801671885 0.5397489539748953
-7.254613182694022 0.4811715481171548
-7.238959354870778 0.5606694560669455
-7.2179876845346165 0.5523012552301255
-7.186701958135604 0.7364016736401673
-7.160467268405217 0.702928870292887
-7.139440774950366 0.6317991631799162
-7.123808876374598 0.7364016736401673
-7.097614390264583 0.7489539748953975
-7.0662701858723 0.8661087866108785
-7.0400610802639685 0.8619246861924685
-7.013797151536947 0.7949790794979079