# Number of radial bins
20
# Edges of radial bins in units of R200c [%d floats]
         0.2         0.25          0.3         0.35          0.4         0.45          0.5         0.55          0.6         0.65          0.7         0.75          0.8         0.85          0.9         0.95            1         1.05          1.1         1.15          1.2
# Number of redshifts
66
# Redshift [float] M200c in Msun [float] R200c in kpc [float] Magnetic field strength in bins in muG [20 floats]
 2.22045e-16  2.34253e+10      60.3142  5.41725e-08  2.22024e-08  1.05276e-08  4.10847e-09  2.26666e-09  1.50321e-09  1.05604e-09  8.89221e-10  7.39106e-10  5.82067e-10  4.18267e-10  2.81026e-10  1.69731e-10  1.14093e-10  1.05267e-10   8.5293e-11  6.66322e-11  6.56617e-11  5.52714e-11  5.16698e-11
  0.00952167  2.31258e+10      59.8813  6.34555e-08  2.32951e-08  1.11233e-08  4.52867e-09   2.2742e-09  1.67667e-09  1.16895e-09  9.45033e-10  5.94548e-10  4.02017e-10  3.11863e-10  2.61069e-10   1.6954e-10  1.23676e-10  1.00791e-10  9.47815e-11   7.1668e-11  6.25241e-11   6.0288e-11  5.41758e-11
   0.0239744   2.2708e+10       59.248   7.0926e-08  2.67446e-08  1.05706e-08  3.66209e-09  2.23858e-09  1.50346e-09  1.10759e-09  6.94661e-10  4.42984e-10  3.40845e-10  2.91175e-10  1.98986e-10  1.64993e-10  1.41452e-10  1.08505e-10  9.55245e-11   8.2918e-11  6.46462e-11  6.10592e-11  5.71254e-11
   0.0337244  2.26083e+10      58.9806  6.40132e-08  2.13951e-08  8.35542e-09  3.75882e-09  1.95442e-09  1.33759e-09  9.09335e-10  5.73383e-10  3.99675e-10  2.89044e-10  1.91536e-10  1.85616e-10  1.68237e-10  1.43014e-10  1.15399e-10  9.88004e-11  8.42173e-11  6.85879e-11   6.1557e-11  5.83227e-11
   0.0485236  2.24072e+10      58.5287  7.02177e-08  2.37947e-08  9.24054e-09  3.60891e-09  2.07128e-09  1.12144e-09  4.87341e-10  3.87126e-10  2.54472e-10  2.07665e-10  1.86397e-10  1.79183e-10  1.62599e-10    1.473e-10  1.28681e-10  1.02802e-10  8.34175e-11  7.12924e-11  6.27453e-11   5.9729e-11
   0.0585073  2.23573e+10       58.293  6.42794e-08  1.74983e-08  6.76012e-09  3.36189e-09  1.78112e-09  9.60996e-10  4.70603e-10  3.63269e-10  2.26035e-10  1.99278e-10   1.8381e-10  1.74998e-10  1.63552e-10   1.4669e-10   1.3158e-10  1.11441e-10  7.85447e-11   7.1143e-11  6.41171e-11  6.15344e-11
   0.0736614  2.22781e+10      57.9373   6.9417e-08   2.0274e-08  8.34698e-09  3.71563e-09  1.75329e-09  8.72523e-10  3.70508e-10  2.37748e-10  1.98543e-10  1.79362e-10  1.76915e-10  1.69618e-10  1.62282e-10  1.52262e-10   1.4485e-10  1.11838e-10  7.68096e-11  7.12082e-11  6.36102e-11  6.25797e-11
   0.0838844  2.22088e+10      57.6807  7.20804e-08  2.09098e-08  7.41096e-09  3.62403e-09  1.43483e-09  6.25837e-10  3.27292e-10  2.11568e-10  1.94695e-10  1.63816e-10  1.64344e-10  1.65192e-10   1.6184e-10  1.54888e-10  1.49811e-10  1.11719e-10  8.18576e-11  7.04932e-11  6.15097e-11  6.24881e-11
   0.0994018  2.21157e+10      57.3042    5.455e-08  1.89108e-08   8.0133e-09  3.25628e-09  1.07676e-09  3.92861e-10   3.7397e-10  2.46356e-10   1.7323e-10  1.56504e-10  1.44086e-10  1.55292e-10  1.59939e-10  1.57502e-10  1.44543e-10  1.13472e-10   8.4149e-11  7.23624e-11  5.71668e-11  5.52295e-11
     0.10987  2.20662e+10      57.0575  6.62239e-08  2.12713e-08  7.85366e-09  2.24754e-09  6.11854e-10  3.81862e-10  3.71512e-10  3.08549e-10  1.93985e-10  1.47042e-10  1.41647e-10  1.41427e-10  1.61555e-10  1.54779e-10  1.38563e-10  1.13639e-10  8.21938e-11  7.33902e-11  6.02468e-11   4.9448e-11
    0.125759  2.19735e+10      56.6689   4.5106e-08  1.06199e-08  4.86264e-09  2.47262e-09  1.00166e-09  4.22509e-10  3.64569e-10  3.37899e-10  2.42041e-10  1.53268e-10  1.24705e-10   1.3803e-10  1.61162e-10   1.4306e-10  1.29802e-10  1.13345e-10  8.72219e-11  7.30441e-11  6.39102e-11  5.22653e-11
    0.141876  2.18806e+10      56.2727  5.23699e-08  1.55498e-08  6.81444e-09  3.33912e-09  1.44121e-09  5.45836e-10   4.7891e-10  3.57107e-10  2.28216e-10  1.68941e-10  1.33084e-10  1.27065e-10   1.5356e-10  1.33012e-10  1.16709e-10   1.1269e-10  9.62189e-11  7.47844e-11  6.72758e-11  5.44701e-11
    0.152749  2.18447e+10      56.0304  6.01722e-08  1.84475e-08  6.32378e-09  3.10018e-09  2.06448e-09   1.1091e-09  5.58186e-10  3.57222e-10  2.59951e-10  1.49018e-10  1.45951e-10  1.31604e-10    1.375e-10   1.2691e-10  1.12489e-10  1.10558e-10   9.7359e-11  7.90474e-11  6.69925e-11  5.56926e-11
    0.169252  2.17685e+10      55.6388  4.17998e-08  1.47783e-08   7.5354e-09   3.5084e-09  2.45568e-09  1.73889e-09  9.54405e-10  5.97798e-10  2.80969e-10  1.50358e-10  1.43238e-10  1.45922e-10  1.26652e-10  1.14073e-10  1.16247e-10  1.08561e-10  9.58682e-11  8.00678e-11   7.1046e-11  5.98255e-11
    0.180385  2.17235e+10      55.3817  5.38157e-08  1.86743e-08  8.63512e-09  4.05027e-09  2.81872e-09  2.20725e-09  1.48207e-09  7.79001e-10  3.59841e-10  1.62961e-10  1.38339e-10  1.42259e-10  1.30966e-10  1.12892e-10   1.1819e-10  1.07275e-10  8.88457e-11  8.19323e-11  7.50226e-11  6.20496e-11
    0.197284  2.16329e+10      54.9695  5.61784e-08  2.03768e-08  9.02628e-09  4.98123e-09  3.71355e-09  2.62357e-09  1.91961e-09  1.00419e-09  2.96343e-10  1.72647e-10  1.45185e-10  1.31119e-10  1.30629e-10  1.22341e-10  1.18492e-10  1.03748e-10  8.48741e-11  8.29107e-11  8.05334e-11  6.61445e-11
    0.214425  2.14813e+10       54.502  5.31146e-08  1.87679e-08  1.01619e-08  6.68049e-09  4.31497e-09  2.60208e-09  1.65487e-09  6.29769e-10  2.02467e-10   1.6809e-10  1.48388e-10    1.371e-10  1.29696e-10  1.27793e-10  1.21181e-10  1.03536e-10   8.5466e-11  8.36281e-11  8.03389e-11  7.08841e-11
    0.225988  2.14205e+10      54.2205  5.34794e-08  1.97399e-08  1.25853e-08  7.21541e-09  3.35661e-09   1.7969e-09  5.07663e-10  2.25175e-10  1.96289e-10  1.72688e-10  1.48287e-10  1.36567e-10  1.37656e-10  1.24308e-10  1.20972e-10  1.10149e-10  8.55703e-11  8.28514e-11  8.28936e-11  7.38782e-11
     0.24354  2.13292e+10      53.7954  4.93241e-08  1.83654e-08  7.04836e-09  3.08716e-09  9.27654e-10  5.98356e-10  3.20141e-10  2.17356e-10  2.00699e-10  1.84017e-10  1.57194e-10  1.46669e-10  1.38586e-10   1.1891e-10  1.15854e-10    1.182e-10  9.41631e-11  8.18944e-11  8.69128e-11  7.89204e-11
    0.261343  2.13277e+10      53.4394    4.881e-08  1.69052e-08  4.51423e-09  2.00926e-09   1.5352e-09  8.43772e-10  2.95267e-10  2.15239e-10  1.96371e-10  1.85243e-10  1.66494e-10  1.54257e-10  1.32119e-10  1.23842e-10  1.07932e-10  1.18529e-10  1.06636e-10  8.57879e-11  8.89065e-11   8.0551e-11
    0.273353  2.13018e+10      53.1757   4.6767e-08  1.45562e-08  5.46811e-09   2.3972e-09  1.37695e-09  9.98885e-10  4.46376e-10  2.08941e-10  1.94318e-10  1.84673e-10  1.66384e-10  1.57002e-10  1.39764e-10   1.2307e-10   1.1237e-10  1.19347e-10  1.08621e-10  8.93112e-11  8.94756e-11  8.24093e-11
    0.291583  2.13132e+10      52.8214  5.42896e-08  1.59996e-08   7.1744e-09  3.23789e-09  1.62193e-09  9.75768e-10  8.23208e-10  3.57612e-10    1.943e-10  1.85662e-10  1.71015e-10  1.55653e-10  1.40446e-10   1.2564e-10  1.18083e-10  1.21632e-10   1.1299e-10   9.6363e-11  9.08892e-11  8.51789e-11
    0.310074  2.11996e+10      52.3615  6.50847e-08  2.19853e-08  1.02219e-08   5.1919e-09  1.87048e-09  1.19974e-09  8.83831e-10  5.33187e-10  2.17728e-10  1.94569e-10  1.75605e-10  1.53261e-10  1.46155e-10  1.32592e-10  1.22866e-10  1.25789e-10  1.19709e-10  1.03355e-10  8.77385e-11    8.957e-11
     0.32883  2.11015e+10      51.9048  7.18236e-08  2.74386e-08  1.02408e-08  4.32422e-09  1.87731e-09  1.29757e-09  7.58408e-10  3.86016e-10  2.44866e-10  2.07646e-10  1.85375e-10  1.62688e-10  1.50109e-10  1.41527e-10  1.29471e-10  1.23866e-10   1.2357e-10  1.04194e-10   8.3175e-11  8.87476e-11
    0.347854  2.09532e+10      51.4064  6.30965e-08   2.5212e-08  8.23506e-09  4.08489e-09  1.89773e-09  8.45768e-10   4.1296e-10  2.89596e-10  2.48799e-10  2.29285e-10  2.02271e-10  1.72301e-10  1.60533e-10  1.39914e-10  1.23798e-10  1.16702e-10  1.25042e-10   9.7576e-11  7.99414e-11  9.13073e-11
    0.360688   2.0761e+10      50.9949  5.90578e-08  1.98278e-08  8.57362e-09  4.30259e-09  2.27821e-09  1.10154e-09  4.55383e-10  3.27263e-10  2.53364e-10  2.37217e-10  2.10176e-10  1.74626e-10   1.5577e-10  1.37674e-10  1.21074e-10  1.16149e-10  1.27981e-10  9.47211e-11  8.16291e-11  9.23485e-11
    0.380168  2.02727e+10      50.2094  5.84865e-08   1.7591e-08   9.3684e-09  6.11473e-09  3.83291e-09  1.89408e-09  8.29203e-10  3.82084e-10  2.89574e-10  2.43056e-10   2.0733e-10  1.72515e-10  1.59788e-10  1.38854e-10   1.2397e-10  1.14927e-10  1.27104e-10  1.00742e-10  8.38956e-11  9.73447e-11
    0.399927  1.97696e+10      49.4069  5.14886e-08  2.10332e-08  1.13969e-08  6.61192e-09  4.56917e-09  2.71241e-09  1.40654e-09  6.31274e-10  3.25699e-10  2.61491e-10  2.17155e-10  1.89027e-10  1.65472e-10  1.50256e-10  1.28062e-10  1.17311e-10   1.2197e-10  1.13436e-10  8.97497e-11  9.55118e-11
    0.419969  1.94288e+10      48.7373  7.22563e-08  3.07413e-08   1.5035e-08  8.67888e-09  5.23518e-09  3.05717e-09  1.86183e-09  1.24173e-09  4.73985e-10  3.03774e-10  2.37473e-10  2.02508e-10  1.78226e-10  1.59419e-10  1.38741e-10  1.20863e-10  1.18807e-10  1.23284e-10  9.69917e-11  9.74486e-11
    0.440298  1.90392e+10      48.0232   8.3361e-08  3.03139e-08  1.55435e-08   9.4039e-09  6.27419e-09  4.13263e-09  2.52454e-09  1.45538e-09  6.11876e-10    3.158e-10  2.80027e-10  2.18286e-10   1.9094e-10  1.70028e-10  1.46321e-10  1.30697e-10   1.2194e-10  1.25879e-10   1.0515e-10  9.56354e-11
    0.460918  1.87745e+10      47.4097  7.16161e-08  2.91299e-08  1.81489e-08  1.26285e-08  8.53374e-09  5.29314e-09  2.38269e-09  8.91683e-10  4.72999e-10  3.56455e-10  2.93798e-10  2.51232e-10  1.99601e-10  1.82931e-10  1.54177e-10  1.38102e-10   1.2647e-10  1.28542e-10  1.02007e-10  8.76825e-11
    0.481833  1.84919e+10      46.7787  8.91607e-08   4.0636e-08   2.4899e-08  1.49022e-08  6.08763e-09  1.55826e-09  7.35185e-10  6.16785e-10  4.79136e-10  4.05415e-10  3.29245e-10    2.618e-10   2.2058e-10  1.98815e-10  1.63066e-10  1.44181e-10   1.2142e-10  1.25786e-10  1.01847e-10  8.47769e-11
    0.503048  1.80546e+10      46.0169  9.75708e-08   3.3512e-08  1.26183e-08  3.32018e-09  1.63608e-09  9.85113e-10  7.61732e-10  6.58407e-10  5.45614e-10  4.17913e-10  3.69579e-10   3.1976e-10  2.53425e-10  2.13548e-10  1.63417e-10  1.48096e-10   1.2517e-10   1.2503e-10  1.03668e-10  8.88173e-11
    0.524566  1.78106e+10      45.4151  6.63751e-08  1.97064e-08  9.11747e-09  3.41744e-09   1.4733e-09  1.01917e-09  8.05001e-10  6.82198e-10  5.88569e-10  4.71883e-10  3.91139e-10   3.5067e-10  2.96028e-10   2.1752e-10  1.67577e-10  1.52991e-10  1.35366e-10  1.21731e-10  1.04534e-10  9.11804e-11
    0.546392  1.76503e+10      44.8859   6.0814e-08   1.6179e-08  5.53211e-09  2.78941e-09  1.69302e-09  1.25898e-09  9.32502e-10  7.57394e-10  6.00842e-10  4.88777e-10  4.31748e-10  3.73955e-10  3.32269e-10  2.55698e-10  1.83006e-10  1.63015e-10  1.46846e-10  1.20246e-10  1.04859e-10  9.23542e-11
    0.575981  1.75267e+10      44.2501  6.53283e-08  1.52077e-08  6.47867e-09  4.13914e-09  2.71972e-09  1.85147e-09  1.25591e-09  1.02873e-09  7.66142e-10  5.84379e-10  4.65663e-10  4.12689e-10  3.82688e-10   3.1801e-10  2.45298e-10  1.83474e-10  1.50085e-10  1.31439e-10  1.07022e-10  9.96585e-11
    0.598543  1.73161e+10      43.6743  6.90022e-08  1.97628e-08  6.68591e-09  4.02882e-09  3.02729e-09  2.24179e-09  1.80518e-09  1.32518e-09  9.89643e-10  7.27463e-10  5.75576e-10  4.66292e-10  4.11848e-10  3.65834e-10   2.9089e-10  2.22184e-10   1.6373e-10  1.37607e-10  1.12512e-10  1.06317e-10
    0.621429  1.68913e+10       42.915  6.80901e-08  1.62179e-08   5.4713e-09  3.65977e-09  3.27073e-09  2.74853e-09  2.03733e-09  1.59568e-09  1.23006e-09  9.71313e-10  6.94485e-10  5.76343e-10  4.60315e-10  4.01632e-10  3.31846e-10  2.74059e-10  1.93218e-10   1.3966e-10   1.2188e-10  1.13877e-10
    0.644642  1.67194e+10      42.3721  6.82617e-08  2.07134e-08  7.43371e-09  3.85566e-09  3.18602e-09  2.86514e-09  2.50697e-09  1.83686e-09  1.40176e-09  1.01239e-09  8.04915e-10  6.61066e-10  5.36328e-10  4.14174e-10  3.54351e-10   3.0365e-10  2.12234e-10  1.45887e-10  1.25438e-10  1.26554e-10
     0.67611  1.64662e+10      41.6256  7.12899e-08  2.10519e-08  9.86217e-09  6.17074e-09  4.04921e-09   2.9504e-09  2.53078e-09   2.4183e-09  1.88822e-09  1.30929e-09  9.19187e-10   7.4456e-10  6.47106e-10   4.9561e-10  3.84394e-10  3.26596e-10  2.51913e-10  1.78436e-10  1.47076e-10  1.31259e-10
    0.700106  1.63911e+10      41.1604  6.03525e-08  2.49626e-08  1.41163e-08  7.79282e-09  5.06003e-09  3.32997e-09  2.79986e-09   2.4622e-09  1.97277e-09  1.49197e-09  9.86059e-10  7.85982e-10  6.61694e-10  5.32679e-10  4.08809e-10  3.25667e-10  2.68921e-10  2.13097e-10  1.57033e-10  1.26207e-10
    0.732636  1.62524e+10      40.5109  8.74001e-08   2.4547e-08  9.71372e-09  6.75052e-09   5.0948e-09  3.98164e-09  2.98957e-09  2.70921e-09  2.13387e-09  1.39956e-09  1.06496e-09  8.23007e-10    6.895e-10  5.24805e-10  4.20096e-10  3.58116e-10  2.88306e-10  2.27586e-10  1.68198e-10  9.49742e-11
    0.757441   1.6032e+10      39.9265  6.34499e-08  1.76912e-08  1.01183e-08  7.12611e-09  5.14643e-09  4.01892e-09  3.18094e-09  2.75161e-09  1.94225e-09  1.34762e-09  1.06973e-09  8.10858e-10  6.37251e-10  5.30855e-10  4.24249e-10  3.65962e-10  2.81704e-10  2.39781e-10  1.17688e-10  1.68977e-11
    0.791068  1.58825e+10      39.2682  5.96998e-08  1.97296e-08  1.11985e-08  8.34376e-09  5.81778e-09  4.11567e-09  3.24708e-09  2.25437e-09  1.81668e-09  1.49712e-09  1.03315e-09   6.5204e-10  5.99228e-10  5.02183e-10  4.23186e-10  3.61237e-10  2.68383e-10  1.68236e-10  4.61146e-11  1.14572e-11
     0.81671  1.58164e+10      38.8129  7.88097e-08  2.02029e-08  1.24169e-08  9.33155e-09  6.21339e-09  4.16345e-09  2.88913e-09  2.20975e-09  1.75665e-09  1.44257e-09  9.55784e-10  7.25907e-10    5.405e-10  4.63673e-10  4.39725e-10  3.27549e-10  2.02468e-10  1.38977e-10  6.21864e-11  2.72545e-11
    0.851471  1.55548e+10      38.0661  7.26596e-08   2.5023e-08  1.31196e-08  9.36969e-09  5.95315e-09  4.24675e-09  2.91897e-09   2.0504e-09  1.68518e-09  1.37886e-09  9.77045e-10  7.19768e-10  5.28462e-10  4.56316e-10  3.81949e-10  2.89199e-10  1.83917e-10  1.32586e-10  7.37829e-11  4.08528e-11
    0.886897  1.53796e+10      37.3925  9.14029e-08  3.55942e-08  1.53821e-08  8.74291e-09  5.50293e-09  3.89013e-09  2.85992e-09  2.33483e-09  1.70998e-09  1.26649e-09  9.48139e-10  6.37874e-10  5.52987e-10  4.10567e-10  3.46679e-10  2.80454e-10  1.92859e-10  1.36384e-10  5.78464e-11  4.97333e-11
    0.923001  1.52312e+10      36.7433  1.17692e-07  3.79722e-08  1.47963e-08  7.98594e-09  5.92289e-09  4.41979e-09  2.87254e-09  2.46862e-09  1.89883e-09  1.28523e-09  9.95612e-10  7.33987e-10  5.17444e-10   3.9947e-10  3.37299e-10  2.81773e-10  2.01106e-10  1.21653e-10  8.47068e-11   7.0281e-11
    0.950531  1.50571e+10      36.2072  1.21115e-07  3.70078e-08  1.34982e-08  7.78344e-09  5.37515e-09  4.77515e-09  3.19308e-09  2.36633e-09  2.01084e-09  1.35612e-09  1.01492e-09  6.93502e-10  5.90849e-10    4.575e-10  3.60662e-10  2.88488e-10  1.81761e-10  1.38534e-10  1.07009e-10  8.44048e-11
    0.987853  1.46454e+10      35.3536   1.2532e-07  3.77734e-08  1.18112e-08  7.50971e-09  5.92927e-09  4.79151e-09  3.89226e-09   2.3177e-09  1.92293e-09  1.45986e-09  1.02119e-09  7.12774e-10  6.95117e-10  5.35876e-10  3.86033e-10  2.63349e-10  1.88162e-10  1.61871e-10  1.32752e-10  1.11435e-10
     1.03551  1.42568e+10      34.3937  1.51956e-07   5.6448e-08  2.27539e-08  1.12593e-08   6.9643e-09   5.5431e-09  4.15544e-09   2.4235e-09  1.85505e-09  1.58647e-09  1.05737e-09  7.50224e-10  6.82034e-10  5.41054e-10   3.1649e-10  3.04879e-10  2.71745e-10   1.5529e-10  1.53785e-10  1.25992e-10
     1.07446   1.3864e+10      33.5668   1.8164e-07  7.66853e-08  3.21327e-08   1.5259e-08  7.59896e-09  4.61009e-09  3.64827e-09  2.73201e-09   2.0204e-09  1.70633e-09  1.46982e-09  9.83557e-10  7.90506e-10  5.59396e-10  3.39349e-10  2.93108e-10  2.95818e-10  2.02548e-10  1.41163e-10  1.33531e-10
     1.11415  1.31248e+10      32.4606  2.03796e-07  8.80858e-08  3.97695e-08  2.07504e-08  1.08772e-08  6.58794e-09  4.15026e-09  3.46824e-09  2.73204e-09  2.02278e-09  1.61263e-09  1.28486e-09  9.30094e-10  6.72439e-10  4.61963e-10  3.20577e-10  2.94134e-10  2.30213e-10  1.60463e-10  1.36335e-10
      1.1546  1.14297e+10      30.5258   2.3903e-07  1.24082e-07  6.10818e-08  3.26234e-08  1.91326e-08   1.1887e-08  6.94281e-09  4.44694e-09  3.11767e-09  2.37993e-09  1.85837e-09  1.52345e-09  1.28327e-09   9.9245e-10  7.90284e-10   5.7008e-10  3.79682e-10  2.94903e-10  2.17158e-10  1.78067e-10
     1.20626  1.07473e+10      29.3298  2.74599e-07  1.36998e-07  7.43779e-08  4.00786e-08  2.06397e-08  1.23947e-08  7.53952e-09  5.57454e-09  4.50194e-09  3.55807e-09  2.64399e-09  1.96413e-09  1.56651e-09  1.29125e-09  1.01023e-09  8.27027e-10  5.76389e-10  3.24014e-10  2.41045e-10  1.82595e-10
     1.24847  1.05068e+10      28.6541  2.82117e-07  1.38706e-07  6.47952e-08  3.05289e-08  1.73504e-08  1.24576e-08  9.59741e-09   7.6383e-09  5.71461e-09  4.67908e-09  3.51706e-09  2.49452e-09  1.80644e-09  1.46662e-09  1.14328e-09  9.04821e-10  5.41519e-10  2.91035e-10  2.41936e-10   1.8655e-10
     1.30238  1.02181e+10      27.8314  2.93288e-07  1.52778e-07  7.43138e-08   3.6878e-08  2.21329e-08  1.58274e-08  1.16918e-08  9.35306e-09  7.43779e-09  6.10021e-09  4.20713e-09  2.66773e-09  1.80639e-09  1.44699e-09  9.17645e-10  6.61561e-10  4.85845e-10  3.53941e-10  2.63293e-10  2.06995e-10
     1.35758  1.02493e+10      27.3045  2.78807e-07  1.54724e-07  7.75094e-08  4.09561e-08  2.58172e-08  1.85433e-08  1.41282e-08  1.13331e-08  7.84879e-09  4.90908e-09  3.36921e-09  2.19124e-09  1.41191e-09  1.02698e-09  7.98818e-10  6.52652e-10  5.67844e-10  4.52384e-10  3.50334e-10  2.47708e-10
      1.4141  1.07016e+10      27.1437  2.74435e-07  1.43263e-07  7.23271e-08  4.12832e-08  2.60208e-08   1.8569e-08  1.10592e-08  7.54048e-09  5.52449e-09  4.13428e-09  3.08662e-09  2.15432e-09  1.58454e-09  1.16958e-09  9.04048e-10  6.99459e-10  5.63019e-10  4.98256e-10  4.17866e-10  3.01675e-10
     1.47197  1.06013e+10      26.5096  2.42533e-07  1.26832e-07   7.1776e-08  4.19606e-08  2.59564e-08  1.69933e-08  1.21251e-08  8.31203e-09  5.68264e-09  3.98309e-09  2.86566e-09  2.26444e-09  1.95956e-09  1.61699e-09  1.26709e-09    1.003e-09  7.23799e-10   5.9612e-10  5.02987e-10   3.8606e-10
     1.53124  1.04087e+10      25.8074  2.50831e-07  1.39686e-07  7.79259e-08   4.3391e-08  2.64105e-08   1.5925e-08  1.02645e-08  6.36376e-09  4.63823e-09  3.86616e-09  3.28583e-09  2.76025e-09  2.39691e-09  1.93083e-09   1.5982e-09  1.37627e-09  1.05713e-09  8.10242e-10  5.94995e-10  4.56473e-10
     1.60423  9.96062e+09      24.8022  2.52539e-07  1.28226e-07  6.01573e-08  2.78798e-08  1.58815e-08  1.17728e-08  9.08699e-09  7.17564e-09  6.00813e-09  4.89408e-09  4.08683e-09   3.5268e-09  3.02928e-09  2.54931e-09  1.97131e-09  1.56085e-09  1.32509e-09  1.06627e-09  7.04359e-10  4.58725e-10
     1.66667    9.066e+09      23.5344  2.80312e-07  1.64885e-07   8.4647e-08  3.82786e-08  2.19109e-08  1.61811e-08  1.30381e-08  1.13094e-08  9.47359e-09  7.61493e-09  6.33433e-09  5.35429e-09  4.29503e-09  3.67987e-09  3.05588e-09  2.36542e-09  1.74035e-09  1.42622e-09   1.1123e-09  7.11691e-10
     1.74357  9.03688e+09       22.917  2.26157e-07  1.10178e-07  6.53682e-08  4.56484e-08  2.80771e-08  1.98261e-08  1.56002e-08  1.24735e-08  9.85118e-09   7.7915e-09  5.98192e-09  4.45379e-09  2.87876e-09  2.04752e-09  1.65433e-09  1.05692e-09  2.19357e-10  1.30369e-11  8.99981e-12   8.0083e-12
     1.82269   8.9892e+09      22.2956  1.69291e-07  1.11415e-07  7.64426e-08  5.45191e-08  4.03972e-08  3.25962e-08  2.58813e-08  1.99212e-08  1.51164e-08  1.12875e-08  6.88668e-09  3.40729e-09  1.88141e-09  1.38877e-09   9.3954e-10  4.84572e-10  1.53717e-11  1.24198e-11   1.1821e-11  1.04737e-11
     1.90409   8.7791e+09      21.5535  1.17361e-07   9.7646e-08  7.93073e-08  7.67951e-08  6.76608e-08  6.43332e-08  4.93591e-08   3.6586e-08  2.81238e-08  2.06329e-08  1.20875e-08  7.23891e-09  3.92653e-09  1.88243e-09  1.01914e-09  5.94181e-10  2.59397e-10   1.9022e-11  1.49024e-11  1.32289e-11
