# Number of radial bins
20
# Edges of radial bins in units of R200c [%d floats]
         0.2         0.25          0.3         0.35          0.4         0.45          0.5         0.55          0.6         0.65          0.7         0.75          0.8         0.85          0.9         0.95            1         1.05          1.1         1.15          1.2
# Number of redshifts
66
# Redshift [float] M200c in Msun [float] R200c in kpc [float] Magnetic field strength in bins in muG [20 floats]
 2.22045e-16  3.04236e+12      305.435  1.30192e-06  8.21815e-07  5.25483e-07  3.79297e-07  3.08945e-07  2.68754e-07  2.46845e-07  2.19043e-07  1.95552e-07  1.77045e-07  1.62246e-07  1.49384e-07  1.36887e-07  1.23738e-07  1.14577e-07  1.07806e-07  1.02999e-07  9.57813e-08  8.56234e-08  7.80319e-08
  0.00952167   3.0344e+12      304.272  1.27969e-06  8.24314e-07  5.31671e-07  3.96028e-07  3.20222e-07   2.7657e-07  2.49326e-07  2.23856e-07  2.02031e-07  1.81301e-07   1.6409e-07  1.50279e-07  1.37364e-07  1.25332e-07  1.16324e-07  1.09654e-07  1.02841e-07   9.2674e-08  8.47907e-08  8.06272e-08
   0.0239744  3.02799e+12      302.687   1.3481e-06  8.48573e-07  5.71671e-07  4.23616e-07  3.38972e-07  2.93288e-07  2.55787e-07  2.28182e-07  2.10283e-07   1.8455e-07  1.64899e-07  1.51804e-07  1.38154e-07  1.26715e-07  1.17674e-07  1.08269e-07  1.00276e-07  9.48403e-08  8.97415e-08  8.49468e-08
   0.0337244  3.01629e+12      301.382  1.34828e-06  8.82087e-07   5.6999e-07  4.15608e-07  3.49271e-07  2.94714e-07  2.60086e-07  2.36745e-07  2.09443e-07  1.86344e-07  1.69168e-07  1.48393e-07  1.33739e-07  1.26413e-07  1.18113e-07  1.09721e-07  1.03678e-07  9.98388e-08  9.36368e-08   8.8769e-08
   0.0485236  3.00266e+12      299.499  1.34668e-06  8.66894e-07  5.72209e-07  4.43771e-07  3.63164e-07  3.01444e-07  2.63807e-07  2.33793e-07  2.12538e-07   1.8438e-07  1.59342e-07  1.46251e-07  1.37965e-07  1.32986e-07  1.25115e-07  1.17499e-07  1.10667e-07  1.04674e-07  9.82543e-08  9.15727e-08
   0.0585073  2.99957e+12       298.43  1.37528e-06  8.53179e-07  5.88149e-07  4.50742e-07   3.5929e-07  3.05906e-07  2.64273e-07  2.36335e-07  2.10515e-07  1.83174e-07  1.64358e-07  1.53091e-07  1.42795e-07  1.35106e-07  1.29372e-07  1.22592e-07  1.13891e-07  1.05733e-07  9.83094e-08   9.1703e-08
   0.0736614  3.00104e+12      297.009   1.3575e-06  8.40721e-07  5.95364e-07  4.63851e-07  3.73923e-07  3.19809e-07  2.77638e-07  2.42127e-07  2.16449e-07   1.9583e-07  1.78832e-07  1.61549e-07  1.47519e-07  1.39932e-07  1.32009e-07  1.23424e-07  1.13055e-07  1.06516e-07  9.85039e-08  8.91868e-08
   0.0838844  3.00016e+12      295.975   1.3396e-06  8.40463e-07  6.19257e-07  4.84104e-07  4.05435e-07  3.36243e-07  2.83254e-07  2.45325e-07  2.19636e-07  1.99737e-07  1.79158e-07  1.62098e-07  1.51146e-07  1.40581e-07  1.28343e-07  1.18631e-07  1.10658e-07  1.03532e-07  9.47576e-08  8.62711e-08
   0.0994018  3.00774e+12      294.687  1.31073e-06  9.02315e-07   6.5859e-07  5.16919e-07  4.15651e-07  3.30486e-07  2.73057e-07  2.38257e-07  2.14976e-07  1.93584e-07  1.76204e-07  1.58643e-07  1.43948e-07  1.35325e-07  1.27868e-07  1.20711e-07   1.1115e-07  1.03517e-07  9.59334e-08  8.82642e-08
     0.10987  3.01672e+12       293.94  1.35523e-06  8.77324e-07  6.42924e-07    5.064e-07  4.07437e-07  3.21736e-07   2.7207e-07  2.39902e-07  2.15047e-07  1.91522e-07  1.73051e-07  1.58056e-07  1.49262e-07  1.41958e-07  1.31701e-07  1.21549e-07  1.12608e-07  1.03021e-07  9.45824e-08  8.54236e-08
    0.125759  3.04042e+12      293.097  1.31504e-06  8.26398e-07  6.05413e-07  4.87361e-07  4.04588e-07  3.34681e-07  2.81205e-07  2.46448e-07  2.22748e-07  2.03027e-07  1.83777e-07  1.71901e-07  1.59236e-07  1.42675e-07  1.29185e-07  1.17702e-07  1.08312e-07  1.01329e-07  9.08151e-08  8.13414e-08
    0.141876  3.05361e+12      291.899  1.30558e-06  8.71683e-07  6.51728e-07  5.15766e-07   4.1804e-07  3.53332e-07  3.05492e-07  2.70114e-07  2.42312e-07  2.20346e-07   1.8942e-07   1.6347e-07   1.4869e-07  1.37276e-07  1.24976e-07   1.1396e-07  1.04982e-07  9.64188e-08  8.84865e-08  8.24652e-08
    0.152749  3.04866e+12      290.621  1.37317e-06  9.32752e-07  6.81276e-07  5.27068e-07  4.36588e-07  3.61687e-07  3.19919e-07  2.90267e-07  2.50497e-07  2.11565e-07  1.84557e-07  1.65351e-07  1.48502e-07  1.30917e-07  1.17491e-07  1.10714e-07  1.04421e-07  9.71705e-08  9.02469e-08  8.43259e-08
    0.169252  3.07301e+12      289.717  1.36402e-06  9.64473e-07  7.13082e-07  5.67267e-07  4.76828e-07  3.91753e-07  3.23169e-07  2.76323e-07  2.37253e-07   2.0892e-07   1.7602e-07  1.51111e-07  1.35332e-07  1.25434e-07  1.16439e-07  1.12411e-07  1.08512e-07  1.00481e-07  9.32971e-08  8.77787e-08
    0.180385  3.08485e+12      288.937  1.36539e-06  9.78447e-07  7.26177e-07  5.77195e-07  4.60623e-07  3.83876e-07   3.1638e-07  2.67796e-07  2.27006e-07  1.90521e-07  1.67675e-07  1.47311e-07  1.33046e-07  1.25989e-07  1.22199e-07  1.17944e-07  1.11234e-07  1.03268e-07  9.51258e-08  8.84197e-08
    0.197284  3.12124e+12      288.305  1.45228e-06  1.00746e-06  7.00019e-07  5.41723e-07  4.37119e-07  3.52102e-07  2.92884e-07  2.48994e-07  2.14181e-07  1.87468e-07  1.63355e-07  1.47823e-07  1.39924e-07  1.33538e-07  1.27238e-07  1.18976e-07  1.12688e-07  1.06802e-07  9.78198e-08  9.01499e-08
    0.214425  3.20367e+12      289.024  1.38428e-06  9.77532e-07  6.87345e-07  5.12275e-07  3.92185e-07  3.23636e-07  2.79069e-07  2.30642e-07  1.96359e-07  1.77234e-07  1.65248e-07  1.54547e-07   1.4555e-07  1.39476e-07  1.31995e-07  1.26504e-07   1.1899e-07  1.08959e-07  9.79825e-08   8.9017e-08
    0.225988  3.22522e+12      288.453  1.44646e-06  8.92985e-07  6.22581e-07  4.80696e-07  3.84597e-07  3.16183e-07  2.58498e-07  2.20662e-07  1.97478e-07    1.864e-07  1.75307e-07  1.63452e-07  1.54219e-07  1.47709e-07  1.40113e-07  1.31484e-07  1.18036e-07  1.05377e-07  9.34745e-08  8.28807e-08
     0.24354  3.23746e+12      286.962  1.29951e-06  8.25943e-07  5.92951e-07  4.67338e-07  3.73054e-07    3.024e-07  2.59382e-07  2.30671e-07   2.1805e-07  2.07847e-07  1.90159e-07  1.81461e-07  1.68321e-07  1.52427e-07  1.35884e-07  1.22115e-07  1.09154e-07  9.95627e-08  8.99947e-08  8.39707e-08
    0.261343  3.24672e+12      285.343  1.34769e-06  8.30371e-07  5.91497e-07  4.61895e-07  3.59217e-07  3.05927e-07  2.77053e-07  2.60013e-07  2.35381e-07  2.09979e-07  1.94615e-07  1.75818e-07   1.5945e-07  1.44831e-07  1.32439e-07  1.19066e-07  1.08644e-07  1.01422e-07  9.54878e-08   9.0259e-08
    0.273353  3.25652e+12      284.333  1.36772e-06  8.91563e-07  6.11389e-07  4.41424e-07  3.56597e-07  3.11435e-07  2.96749e-07  2.68704e-07    2.367e-07  2.09027e-07  1.89264e-07  1.71814e-07  1.54175e-07  1.44891e-07   1.3246e-07  1.20243e-07  1.12844e-07  1.07945e-07  9.86827e-08  9.03283e-08
    0.291583  3.29229e+12      283.431  1.48092e-06  8.72078e-07  5.58078e-07  4.20322e-07  3.61568e-07  3.28188e-07  2.89873e-07  2.48114e-07  2.20683e-07  2.03528e-07   1.9095e-07  1.75713e-07  1.62004e-07  1.48696e-07  1.39566e-07  1.30498e-07  1.21074e-07  1.10975e-07  9.90528e-08  8.68412e-08
    0.310074  3.33858e+12       282.75  1.26048e-06  8.07473e-07  5.63539e-07   4.4207e-07  3.72387e-07  3.15686e-07  2.68495e-07  2.42587e-07  2.29239e-07  2.19561e-07  2.06139e-07  1.90479e-07  1.75578e-07  1.60645e-07  1.47695e-07  1.32002e-07  1.18004e-07   1.0306e-07   9.3328e-08  8.39631e-08
     0.32883  3.36457e+12      281.465  1.20132e-06  8.47961e-07  6.01412e-07  4.72312e-07  3.83373e-07  3.42558e-07  3.07896e-07  2.73656e-07  2.56156e-07  2.49538e-07  2.29126e-07  2.01581e-07  1.73147e-07  1.47303e-07  1.33309e-07  1.22958e-07  1.13316e-07   1.0173e-07   8.7303e-08  7.61073e-08
    0.347854   3.3658e+12      279.447  1.39978e-06  9.13679e-07  6.75469e-07  5.34322e-07  4.53225e-07  3.89805e-07  3.52535e-07    3.271e-07  2.86924e-07  2.45635e-07   2.0225e-07  1.77437e-07  1.59031e-07  1.45204e-07  1.34224e-07  1.23266e-07  1.06919e-07  8.97628e-08  7.77038e-08   6.9698e-08
    0.360688  3.34093e+12      277.378  1.35898e-06  9.96783e-07  7.35772e-07  6.08273e-07  5.18702e-07  4.45847e-07  3.79706e-07  3.21807e-07  2.71898e-07  2.30357e-07   1.9935e-07  1.76833e-07  1.62432e-07  1.43321e-07    1.261e-07  1.08907e-07  9.24114e-08  8.42946e-08  7.66033e-08  6.75181e-08
    0.380168  3.28104e+12      273.618   1.7318e-06  1.24336e-06  9.13128e-07  7.41253e-07  5.81851e-07  4.68148e-07  3.72406e-07  3.08636e-07  2.65626e-07  2.23118e-07  1.83902e-07  1.58595e-07  1.38171e-07  1.20841e-07  1.09416e-07  9.91545e-08  8.92997e-08  8.10295e-08  7.39039e-08  6.66082e-08
    0.399927  3.19987e+12      269.266  1.84387e-06  1.36998e-06  9.78422e-07  7.29768e-07   5.3739e-07  4.07937e-07  3.24946e-07  2.72039e-07  2.24765e-07   1.8685e-07  1.62405e-07  1.44317e-07  1.30282e-07   1.1792e-07  1.06082e-07  9.73323e-08  8.89673e-08  8.16887e-08  7.52331e-08  7.03655e-08
    0.419969  3.15527e+12      265.908  1.65209e-06  9.93571e-07  6.92919e-07  5.41266e-07  4.31861e-07  3.53039e-07  3.02931e-07  2.54964e-07  2.22929e-07  1.96514e-07  1.69449e-07  1.44036e-07  1.29343e-07  1.15823e-07  1.05321e-07  9.75125e-08   9.0438e-08  8.26625e-08  7.57392e-08  7.23296e-08
    0.440298  3.13866e+12      263.313    1.488e-06  9.62191e-07  6.98463e-07  5.39511e-07  4.40193e-07  3.92593e-07  3.13275e-07  2.55665e-07   2.1622e-07   1.8781e-07   1.6196e-07  1.43538e-07  1.31274e-07  1.21793e-07   1.0833e-07  1.01841e-07  9.36429e-08  8.41661e-08  7.78949e-08  7.09357e-08
    0.460918  3.12741e+12      260.863  1.21958e-06  8.00141e-07  6.26468e-07  4.92381e-07  3.91428e-07  3.35344e-07  2.96711e-07  2.66689e-07  2.31197e-07  2.03782e-07   1.8147e-07  1.57961e-07  1.38176e-07  1.22359e-07  1.12925e-07  1.02622e-07  9.36101e-08  8.65585e-08  7.82971e-08  7.27466e-08
    0.481833  3.11301e+12      258.308  1.17938e-06  7.66342e-07  5.32052e-07  4.12549e-07   3.4752e-07   3.1084e-07  2.82916e-07  2.66094e-07  2.44983e-07  2.21042e-07  1.95374e-07  1.69332e-07  1.48403e-07  1.30771e-07  1.16181e-07  1.06187e-07  9.83375e-08  8.93162e-08  8.03125e-08    7.272e-08
    0.503048  3.01935e+12      253.529  1.03669e-06  7.08347e-07  5.42148e-07  4.53598e-07  3.90633e-07  3.36992e-07  3.00136e-07  2.66765e-07  2.30516e-07  2.02889e-07  1.93431e-07   1.6829e-07  1.52796e-07  1.40938e-07  1.27261e-07    1.116e-07  1.02174e-07  9.35833e-08  8.05561e-08  7.16961e-08
    0.524566  2.79749e+12      245.044  1.14172e-06  7.99372e-07  6.19871e-07  5.07684e-07   4.3783e-07  3.82138e-07  3.31774e-07  2.95981e-07  2.41743e-07  2.09954e-07  1.85589e-07  1.68445e-07   1.5427e-07  1.36874e-07  1.23318e-07  1.14787e-07  1.02482e-07  9.52876e-08  8.64843e-08   7.5829e-08
    0.546392  2.70048e+12      240.063  1.26132e-06  9.62703e-07  7.29883e-07  5.83167e-07  4.65355e-07  4.03695e-07  3.57099e-07  2.98606e-07  2.50253e-07  2.10271e-07  1.84294e-07  1.70402e-07  1.56473e-07  1.40018e-07  1.22627e-07  1.08477e-07  9.59582e-08  8.65694e-08  8.05878e-08  7.44642e-08
    0.575981  2.66475e+12       236.18  1.50618e-06  1.01515e-06  7.62642e-07  6.19851e-07  5.14519e-07  4.24005e-07  3.46028e-07  2.96835e-07  2.59708e-07  2.12519e-07  1.79609e-07  1.58425e-07  1.44069e-07  1.33288e-07  1.16439e-07  1.04545e-07   9.4704e-08  8.60531e-08  7.81211e-08  7.14351e-08
    0.598543  2.65453e+12      233.742  1.57091e-06   1.0419e-06  8.00739e-07  6.21082e-07  5.14731e-07  4.20098e-07  3.59935e-07  2.82919e-07  2.33877e-07  1.99818e-07  1.77388e-07  1.60109e-07  1.49028e-07  1.30976e-07  1.20317e-07  1.12165e-07  1.00061e-07  8.99367e-08  8.21801e-08  7.52771e-08
    0.621429  2.64458e+12      231.303  1.41236e-06   9.7646e-07  7.72184e-07  6.40611e-07  4.96543e-07  3.96725e-07  3.28978e-07  2.77346e-07  2.40463e-07  2.14215e-07  1.93168e-07  1.76519e-07   1.5529e-07  1.35657e-07  1.19248e-07  1.05061e-07  9.38759e-08  8.52557e-08  7.76079e-08  7.19861e-08
    0.644642  2.61626e+12      228.321  1.55951e-06  1.02732e-06  8.03424e-07  6.13606e-07  4.90622e-07  4.04211e-07  3.41078e-07  2.86767e-07  2.52674e-07  2.25508e-07  2.01757e-07  1.75831e-07  1.50806e-07  1.33495e-07  1.17995e-07   1.0661e-07  9.87999e-08  9.40484e-08  8.91174e-08  8.02299e-08
     0.67611   2.5743e+12      224.234  1.40659e-06  9.49803e-07  6.70912e-07   5.5956e-07  4.85276e-07   4.1965e-07  3.71103e-07  3.04647e-07  2.52432e-07  2.26184e-07  1.98999e-07  1.75764e-07  1.61501e-07  1.49291e-07  1.37064e-07  1.23448e-07   1.1018e-07  9.78721e-08  8.49053e-08  7.54882e-08
    0.700106  2.54649e+12       221.27  1.35561e-06  9.05325e-07  7.07465e-07  5.60798e-07  4.54361e-07  3.71079e-07   3.0469e-07  2.64832e-07  2.35798e-07  2.20354e-07  2.03356e-07  1.91365e-07   1.8413e-07  1.67504e-07  1.50997e-07  1.30374e-07  1.10557e-07  9.52782e-08   8.5287e-08  7.67771e-08
    0.732636  2.43098e+12      215.045  1.33314e-06  9.13347e-07  6.91455e-07  5.41629e-07  4.53368e-07   3.8345e-07   3.2134e-07  2.83894e-07  2.56047e-07  2.29892e-07  2.06312e-07  1.80163e-07  1.65935e-07  1.64434e-07  1.47276e-07  1.25979e-07  1.10839e-07  9.92595e-08  8.89147e-08  8.07708e-08
    0.757441  2.28323e+12      208.506  1.43153e-06  9.82554e-07  7.61837e-07  5.97144e-07  4.93776e-07  4.17089e-07  3.65617e-07  3.31866e-07   2.6993e-07  2.25234e-07  1.96042e-07  1.74076e-07  1.60156e-07  1.46932e-07  1.36955e-07  1.27785e-07  1.14851e-07  1.05667e-07  1.01245e-07  9.31915e-08
    0.791068  2.25044e+12      204.716  1.33976e-06   9.3568e-07  7.30039e-07  6.07063e-07  5.25465e-07  4.20331e-07  3.46055e-07   2.8723e-07  2.45597e-07  2.12051e-07  1.92704e-07  1.78696e-07  1.64317e-07  1.55342e-07  1.47096e-07   1.3329e-07  1.18113e-07  1.05336e-07    9.273e-08  8.34371e-08
     0.81671  2.23136e+12      202.051  1.37803e-06  9.45214e-07  7.48641e-07  5.83647e-07  4.65304e-07  3.84343e-07  3.15286e-07  2.78701e-07  2.49082e-07  2.28729e-07  2.12415e-07  1.91129e-07  1.77648e-07  1.63024e-07   1.4605e-07  1.30766e-07  1.16524e-07  1.08352e-07  9.79523e-08  8.37377e-08
    0.851471  2.17142e+12      197.468  1.40712e-06  9.67403e-07  7.28147e-07  5.98767e-07  4.83661e-07  4.04738e-07  3.48693e-07  3.05227e-07  2.75909e-07  2.52484e-07  2.31979e-07  2.13072e-07  1.94076e-07  1.73133e-07  1.50316e-07  1.25954e-07  1.03864e-07   8.7547e-08  7.41532e-08  6.21704e-08
    0.886897  2.16884e+12      194.632  1.53644e-06  1.00859e-06  7.68259e-07  6.23399e-07   5.1856e-07    4.451e-07  3.90524e-07  3.51585e-07   3.1742e-07  2.75014e-07  2.35411e-07  2.01965e-07  1.76933e-07  1.49352e-07  1.25653e-07  1.03808e-07  8.53615e-08  6.95442e-08  5.75146e-08  4.97605e-08
    0.923001  2.15848e+12      191.567   1.5688e-06  1.15013e-06   8.5564e-07  6.84343e-07  5.81447e-07  5.14534e-07  4.52366e-07  3.78241e-07   3.1287e-07  2.55885e-07  2.14636e-07  1.85576e-07   1.6044e-07  1.33275e-07  1.07988e-07  8.94888e-08  7.52995e-08  6.42848e-08  5.29821e-08   4.6223e-08
    0.950531   2.1404e+12      188.962  1.59456e-06  1.21663e-06  9.27944e-07  7.52551e-07  6.15386e-07  5.14065e-07  4.21661e-07  3.49929e-07  2.92417e-07  2.53978e-07  2.12225e-07  1.79324e-07  1.46156e-07   1.2175e-07  1.02764e-07  8.32856e-08  7.04926e-08   5.9274e-08  5.19026e-08  4.69862e-08
    0.987853  2.12472e+12      185.766  1.49243e-06  1.08042e-06  8.51959e-07  7.17296e-07  6.00571e-07  5.09038e-07  4.19737e-07  3.49548e-07  2.96393e-07   2.4538e-07  1.95731e-07  1.64706e-07  1.37141e-07  1.14297e-07  9.50893e-08  8.14694e-08  6.96482e-08  6.21811e-08  5.28381e-08  4.31654e-08
     1.03551  2.10873e+12      181.893    1.527e-06  1.12224e-06  8.73226e-07  7.64681e-07  6.15445e-07  4.99913e-07  4.22306e-07  3.59656e-07  2.89951e-07  2.36851e-07  2.03803e-07  1.71933e-07  1.39979e-07  1.16518e-07  9.62385e-08  8.04507e-08  6.65154e-08  5.43285e-08  4.59376e-08  3.94595e-08
     1.07446  2.09285e+12      178.722    1.548e-06  1.14212e-06  8.86609e-07   7.3676e-07  6.32699e-07  5.26864e-07  4.34987e-07  3.61182e-07  3.02817e-07  2.60325e-07  2.15597e-07  1.71691e-07  1.36103e-07  1.09447e-07  8.92653e-08  7.48971e-08  6.36819e-08  5.46593e-08  4.74671e-08  4.23475e-08
     1.11415  2.03676e+12       174.44  1.60831e-06  1.19939e-06  9.77667e-07  8.29235e-07  6.67293e-07    5.593e-07  4.37829e-07  3.51514e-07  2.93876e-07  2.45525e-07   2.0421e-07  1.71561e-07  1.39513e-07   1.1361e-07  9.11396e-08   7.8012e-08  6.82612e-08  5.99038e-08  5.32708e-08  4.78223e-08
      1.1546  1.90233e+12       167.91  1.69413e-06  1.26455e-06  1.03742e-06   8.1229e-07  6.42735e-07  5.19659e-07  4.25537e-07  3.49763e-07  3.04197e-07  2.52453e-07   2.0476e-07  1.71711e-07  1.41679e-07  1.23106e-07  1.05112e-07  9.08089e-08  7.94897e-08   7.0344e-08  6.23644e-08  5.66088e-08
     1.20626  1.83947e+12      162.844  1.90974e-06  1.38174e-06  1.01725e-06  8.26309e-07  6.79265e-07  5.33838e-07  4.30071e-07  3.58099e-07  2.96563e-07  2.49556e-07  2.17852e-07   1.8563e-07  1.61599e-07  1.36185e-07  1.18763e-07  1.04176e-07  9.48782e-08  8.38099e-08  7.29329e-08  6.35006e-08
     1.24847  1.79467e+12      158.985   2.0456e-06  1.41119e-06  9.94913e-07  7.81763e-07  6.37624e-07  5.43056e-07   4.5947e-07   3.8483e-07  3.28538e-07  2.70966e-07  2.23641e-07  1.95189e-07  1.67983e-07  1.47346e-07  1.31291e-07  1.13461e-07  9.77446e-08  8.95831e-08   8.1526e-08  7.63298e-08
     1.30238  1.76065e+12      154.866  1.94382e-06  1.44599e-06  1.10371e-06  9.33109e-07  8.18203e-07  6.59581e-07  5.26012e-07  4.51372e-07  3.60015e-07  2.93825e-07  2.50534e-07  2.11878e-07  1.81262e-07   1.5908e-07  1.44601e-07  1.25335e-07  1.07854e-07  9.42846e-08  8.16676e-08  7.06724e-08
     1.35758  1.71436e+12      150.446  1.86352e-06  1.44233e-06  1.11266e-06  8.97914e-07  7.53858e-07  6.72547e-07   5.6441e-07  4.56902e-07  3.77704e-07  3.20212e-07  2.69967e-07  2.32806e-07  2.02933e-07  1.72386e-07  1.44742e-07  1.24344e-07  1.06474e-07  8.39985e-08  6.91091e-08  5.42867e-08
      1.4141  1.54384e+12      142.362  2.13927e-06  1.56161e-06  1.28028e-06  1.03935e-06  8.38829e-07   6.6206e-07  5.71641e-07  4.98348e-07  4.07251e-07  3.45091e-07  2.74068e-07  2.18249e-07  1.70341e-07  1.45589e-07  1.23486e-07  1.07228e-07  1.01111e-07  9.29042e-08  7.92065e-08   6.7105e-08
     1.47197  1.47091e+12       137.24  2.48401e-06  1.83273e-06  1.42914e-06  1.12814e-06  8.53646e-07  6.55363e-07  5.15454e-07  4.06608e-07  3.35387e-07  2.72068e-07  2.28737e-07  1.95328e-07  1.69286e-07  1.48645e-07  1.31934e-07  1.11577e-07  9.97178e-08  8.92652e-08  8.07853e-08  7.20893e-08
     1.53124  1.43491e+12      133.317  2.42337e-06  1.75242e-06  1.35371e-06  1.03917e-06  7.59952e-07  5.87299e-07  4.51168e-07   3.9642e-07  3.32888e-07  2.76945e-07  2.34611e-07  2.04687e-07  1.79256e-07  1.52326e-07  1.27183e-07  1.07732e-07  9.63877e-08  9.04799e-08  8.28213e-08  7.53191e-08
     1.60423  1.38154e+12      128.384  2.42462e-06  1.66808e-06  1.25339e-06   9.7466e-07  7.51264e-07  5.92274e-07   5.0523e-07  4.18569e-07   3.6852e-07  3.11566e-07  2.64258e-07  2.24258e-07  1.87646e-07  1.51656e-07  1.30705e-07  1.19595e-07  1.10921e-07  1.04445e-07  9.48505e-08  8.64755e-08
     1.66667  1.26434e+12      122.044  2.39139e-06  1.76253e-06  1.31797e-06  1.04075e-06   7.8705e-07  6.30228e-07  5.00601e-07  4.00831e-07  3.37214e-07  2.93875e-07  2.62324e-07  2.33615e-07  2.03064e-07  1.77504e-07  1.61704e-07  1.53191e-07  1.43117e-07  1.32482e-07  1.14905e-07   1.0128e-07
     1.74357  1.18221e+12      116.335  2.72191e-06  1.89657e-06  1.44352e-06  1.12414e-06  8.36739e-07  6.45407e-07  5.41391e-07  4.70887e-07  4.22756e-07  3.57789e-07   3.1391e-07  2.79219e-07  2.41135e-07  2.06421e-07  1.85897e-07  1.67906e-07  1.49296e-07  1.35643e-07  1.29483e-07  1.21862e-07
     1.82269  1.13608e+12      111.887   2.8687e-06  2.26473e-06  1.82334e-06  1.38776e-06  1.03634e-06  8.38649e-07  7.16885e-07  5.97503e-07   5.1559e-07  4.47876e-07  3.79472e-07  3.09356e-07  2.56701e-07  2.26379e-07  2.23031e-07  2.03733e-07  1.74566e-07  1.46696e-07  1.23554e-07  1.04908e-07
     1.90409  1.09354e+12      107.641  3.13935e-06  2.34202e-06  1.87886e-06  1.63291e-06  1.33417e-06  1.17599e-06    9.274e-07  6.96129e-07  5.24623e-07  4.11856e-07  3.29558e-07  2.72788e-07  2.27936e-07  2.01296e-07  1.75569e-07  1.58118e-07  1.51638e-07  1.24773e-07  1.10579e-07  9.97153e-08
