# Number of radial bins
20
# Edges of radial bins in units of R200c [%d floats]
         0.2         0.25          0.3         0.35          0.4         0.45          0.5         0.55          0.6         0.65          0.7         0.75          0.8         0.85          0.9         0.95            1         1.05          1.1         1.15          1.2
# Number of redshifts
66
# Redshift [float] M200c in Msun [float] R200c in kpc [float] Magnetic field strength in bins in muG [20 floats]
 2.22045e-16   7.2678e+09      40.8312   9.0547e-09  3.32689e-09  1.12768e-09  1.37462e-10  3.97661e-13  1.94384e-13  1.09498e-13  3.55841e-14  2.51543e-14  2.05262e-14  1.79954e-14  1.46397e-14  1.29413e-14   1.1672e-14  1.08003e-14  9.91784e-15  9.25045e-15  8.37257e-15  8.03548e-15  7.83635e-15
  0.00952167  7.25291e+09      40.6853  1.23989e-08  3.77285e-09  4.73408e-10  3.51909e-11   4.6809e-13  2.39579e-13  1.17387e-13  3.38793e-14  2.30618e-14  1.92046e-14  1.72625e-14  1.49925e-14  1.31104e-14  1.19203e-14  1.11159e-14  1.02977e-14  9.56953e-15  8.53712e-15  8.30886e-15  8.00015e-15
   0.0239744  7.22671e+09      40.4517  1.00695e-08  2.97648e-09  9.29362e-10  8.81763e-11  5.53264e-13  2.31112e-13  1.00332e-13  3.04587e-14  2.52819e-14  2.02995e-14  1.78465e-14  1.54605e-14  1.36931e-14  1.26446e-14  1.16872e-14  1.06554e-14  9.77874e-15  8.89618e-15   8.7895e-15  8.40801e-15
   0.0337244  7.21337e+09      40.3015   1.3715e-08  3.71772e-09  7.96294e-10   1.2412e-11  4.83197e-13  2.62085e-13   1.1588e-13  3.23315e-14  2.55317e-14  2.09847e-14   1.8555e-14  1.62577e-14  1.42034e-14  1.28049e-14  1.18529e-14  1.08735e-14  1.02386e-14   9.2568e-15  8.90014e-15  8.38807e-15
   0.0485236  7.20292e+09      40.0918  1.02958e-08  2.27604e-09  5.25187e-10  4.75027e-12  7.18155e-13  3.94033e-13    1.651e-13  9.31394e-14  2.76488e-14  2.44101e-14   1.9465e-14  1.64272e-14  1.43601e-14  1.34236e-14  1.26259e-14  1.16786e-14  1.01099e-14  9.29467e-15  9.18033e-15  8.83169e-15
   0.0585073  7.19527e+09      39.9496  1.15687e-08  2.92692e-09  3.73873e-10  2.07254e-12  9.93817e-13  4.60459e-13  2.44711e-13  1.16623e-13   2.8991e-14    2.411e-14  1.96789e-14  1.74084e-14  1.52628e-14  1.39494e-14  1.25522e-14  1.14391e-14  1.03929e-14  9.71288e-15  9.51503e-15   9.0465e-15
   0.0736614  7.18751e+09      39.7363  1.16023e-08  3.06756e-09  4.66519e-10    3.401e-12  1.22708e-12  7.00861e-13  2.89296e-13  9.84188e-14  2.98271e-14  2.62521e-14  2.17274e-14  1.81535e-14  1.51015e-14   1.3756e-14  1.31311e-14  1.22869e-14  1.08115e-14  1.00005e-14  9.75219e-15  9.27617e-15
   0.0838844  7.18438e+09      39.5974  1.31349e-08  4.01725e-09  1.04327e-09  3.19097e-11  1.34548e-12  5.32406e-13  2.94802e-13  1.28577e-13   3.2457e-14   2.6831e-14  2.05617e-14  1.80791e-14  1.58902e-14  1.47098e-14  1.35654e-14  1.24537e-14  1.07824e-14  1.02188e-14  1.00808e-14  9.35382e-15
   0.0994018  7.18792e+09      39.3964  1.56623e-08  3.31408e-09  1.44267e-09  6.48129e-10  1.09707e-11  8.13683e-13   3.7781e-13  1.40495e-13  4.19266e-14   2.7146e-14  2.27237e-14  1.99612e-14  1.68379e-14  1.45734e-14  1.35688e-14  1.29146e-14  1.13463e-14  1.05445e-14  9.75909e-15  9.25531e-15
     0.10987  7.20919e+09      39.2962  1.20728e-08  4.83904e-09  2.14391e-09   7.2834e-10  7.78059e-11  8.46164e-13  4.41621e-13  2.17451e-13  5.36737e-14  2.92194e-14   2.3345e-14  1.97494e-14    1.625e-14  1.50049e-14  1.42297e-14  1.31027e-14   1.1008e-14  1.04698e-14  1.01264e-14  9.59364e-15
    0.125759  7.21151e+09      39.0875  2.03229e-08  5.99998e-09  1.08647e-09  3.48415e-10  1.66543e-10  2.18571e-11  5.39319e-13  2.27978e-13  5.36605e-14  2.86308e-14  2.31607e-14  2.05101e-14  1.75365e-14  1.51902e-14  1.38199e-14  1.30937e-14  1.15652e-14  1.09346e-14  1.02688e-14  9.68063e-15
    0.141876  7.20231e+09      38.8532  1.28571e-08  4.20773e-09  1.34098e-09  5.78373e-10   1.5303e-10  1.23515e-12  6.49948e-13  2.84152e-13  6.27392e-14  3.26819e-14  2.46457e-14  2.01178e-14  1.70632e-14  1.59085e-14  1.45381e-14  1.35617e-14  1.16897e-14  1.11892e-14  1.08056e-14  1.02249e-14
    0.152749  7.19294e+09      38.6904  1.87149e-08  5.15177e-09  1.28423e-09  3.16493e-10  1.71307e-12  1.34797e-12  6.66028e-13  3.01855e-13  6.74687e-14  3.20293e-14  2.40232e-14  2.11848e-14  1.80108e-14  1.62523e-14   1.4524e-14  1.35871e-14  1.22131e-14   1.1836e-14  1.13286e-14  1.05514e-14
    0.169252  7.17629e+09      38.4356  1.39215e-08  3.45629e-09  9.23148e-10  3.64292e-11  1.98051e-12  1.48191e-12  6.90266e-13  2.97573e-13   1.0716e-13  3.89234e-14  2.80667e-14  2.20972e-14  1.83172e-14  1.64894e-14  1.51141e-14  1.47436e-14  1.32015e-14  1.24024e-14  1.13548e-14  1.06913e-14
    0.180385  7.15174e+09      38.2396  1.63987e-08  4.56615e-09  1.11981e-09  7.18772e-11  2.14625e-12   1.4313e-12  7.77738e-13  4.97343e-13  1.57569e-13  4.82666e-14  2.94056e-14  2.22286e-14  1.92133e-14    1.729e-14  1.60424e-14  1.51678e-14  1.31784e-14   1.2493e-14  1.14188e-14  1.06751e-14
    0.197284  7.10168e+09      37.9215  1.96128e-08  4.11219e-09  1.39409e-09  1.57662e-10  3.11025e-12  1.48893e-12  1.11005e-12  6.69681e-13  2.56259e-13  5.65728e-14  3.16906e-14  2.48312e-14  2.08559e-14  1.78015e-14  1.64143e-14  1.53485e-14  1.33016e-14  1.24959e-14  1.18074e-14  1.11777e-14
    0.214425  7.07731e+09      37.6419  1.81966e-08  5.82342e-09  1.29912e-09  1.37003e-10  3.69042e-12  1.39838e-12  1.31988e-12  7.87648e-13  3.64267e-13  7.61482e-14   3.3513e-14  2.53381e-14  2.12837e-14  1.81001e-14  1.65323e-14  1.53839e-14  1.38578e-14  1.31997e-14  1.25842e-14   1.1898e-14
    0.225988  7.07816e+09      37.4841  2.07737e-08  5.53453e-09  1.45241e-09  3.61843e-10  4.37636e-12  1.69904e-12  1.35015e-12  9.13042e-13  5.10975e-13  7.49877e-14  3.47187e-14   2.6036e-14  2.14543e-14  1.81926e-14  1.66925e-14  1.60414e-14  1.44194e-14  1.38851e-14  1.29473e-14  1.17956e-14
     0.24354  7.09971e+09      37.2817  2.14861e-08   6.2147e-09   1.8838e-09  4.55371e-10  1.46679e-11  2.17665e-12  1.42144e-12   9.7414e-13  5.18128e-13  8.93982e-14  3.44066e-14  2.63937e-14  2.22571e-14  1.91849e-14  1.76895e-14  1.71963e-14   1.5014e-14  1.37248e-14  1.28985e-14  1.21852e-14
    0.261343    7.098e+09      37.0314  2.14943e-08  7.54126e-09  2.22631e-09  1.59483e-10  6.84116e-12  2.34876e-12  1.73886e-12  9.99045e-13  5.54617e-13  1.37075e-13  4.79303e-14  3.05901e-14  2.39186e-14  2.02016e-14  1.78598e-14  1.70294e-14  1.54833e-14  1.46179e-14  1.36823e-14  1.23347e-14
    0.273353  7.06943e+09      36.8181  2.33193e-08  6.86081e-09  1.81097e-09  1.83725e-11  8.01615e-12  2.58541e-12   1.6438e-12  1.15995e-12  7.22982e-13  2.00008e-13   5.1879e-14  3.23358e-14  2.37741e-14  2.00497e-14  1.83381e-14  1.78393e-14  1.63526e-14  1.48927e-14   1.3536e-14  1.22722e-14
    0.291583  7.04049e+09      36.5151  2.27218e-08  6.94472e-09   1.3818e-09  1.98994e-11  1.02692e-11  3.92839e-12  1.79171e-12   1.5046e-12  8.82127e-13  1.88973e-13  5.24775e-14  3.22133e-14  2.44788e-14  2.20043e-14  1.95986e-14  1.79992e-14  1.66282e-14  1.49542e-14  1.37626e-14  1.26719e-14
    0.310074  7.00809e+09      36.2034  2.04781e-08  6.10117e-09  1.90774e-09   2.8126e-10  1.29703e-11  4.94574e-12  2.16145e-12  1.47444e-12   8.4866e-13  2.23216e-13  6.59683e-14  3.54673e-14  2.59127e-14  2.24732e-14  1.99149e-14  1.82055e-14  1.71135e-14  1.54564e-14  1.44644e-14  1.34212e-14
     0.32883  6.97895e+09      35.8958  2.53388e-08  7.29608e-09  1.73974e-09  5.33775e-10  1.72172e-11  5.97646e-12  2.40149e-12  1.76499e-12  9.65576e-13  2.03061e-13   7.1008e-14   3.5841e-14  2.59726e-14  2.27417e-14  2.05176e-14  1.90196e-14  1.79301e-14  1.68603e-14   1.5402e-14  1.39921e-14
    0.347854  6.93724e+09      35.5621  2.59775e-08  6.80783e-09  1.78786e-09  1.08312e-10  1.92819e-11  9.96044e-12  2.97034e-12   1.7225e-12  9.46011e-13  2.69625e-13  7.95491e-14  3.75506e-14  2.67786e-14  2.37689e-14  2.18315e-14  2.05259e-14  1.93717e-14  1.73412e-14  1.52196e-14  1.38979e-14
    0.360688  6.90283e+09      35.3279  2.39443e-08  7.60806e-09  2.22796e-09  3.02905e-10  2.16059e-11  1.23228e-11  3.26165e-12  1.90046e-12  1.22961e-12  2.83544e-13  7.92814e-14   4.0746e-14  2.88345e-14  2.44297e-14  2.33445e-14  2.11851e-14  1.91257e-14  1.72058e-14  1.56357e-14  1.42562e-14
    0.380168   6.8522e+09       34.976  2.97745e-08  9.15887e-09  3.10952e-09  3.55081e-10  2.64046e-11  1.52331e-11  4.12009e-12  2.24164e-12  1.29949e-12  5.26545e-13  1.14267e-13  4.99661e-14  3.21453e-14  2.51389e-14  2.34707e-14  2.13294e-14  1.96163e-14  1.81544e-14  1.64731e-14  1.51699e-14
    0.399927  6.77934e+09      34.5834   2.8516e-08  8.24908e-09   2.9165e-09  9.65965e-10   2.8095e-11  1.87157e-11  8.65561e-12  2.95856e-12  1.53802e-12  6.25938e-13  1.59071e-13   5.8559e-14  3.53678e-14  2.60695e-14  2.37243e-14  2.25301e-14  2.09067e-14  1.95085e-14  1.69931e-14  1.58344e-14
    0.419969  6.72147e+09      34.2133  3.20257e-08  9.95836e-09  3.61407e-09  1.14804e-09  3.85869e-11  2.20264e-11  1.18639e-11  3.29187e-12  2.16903e-12  8.65419e-13  2.13391e-13  6.24737e-14  3.68082e-14  2.75567e-14  2.46311e-14  2.38367e-14  2.18242e-14  2.03225e-14  1.75273e-14  1.65409e-14
    0.440298  6.68177e+09      33.8733  2.93349e-08  1.11714e-08   3.9138e-09  1.14768e-09  4.73848e-11  2.30647e-11   1.5567e-11  3.83552e-12  2.49085e-12  9.61221e-13  2.09429e-13  8.14426e-14  3.95647e-14  2.83204e-14  2.53101e-14  2.41935e-14  2.24634e-14   2.1459e-14  1.88466e-14  1.73394e-14
    0.460918  6.63336e+09      33.5161  3.78329e-08  1.04327e-08  3.17238e-09  1.14181e-09  7.32247e-11  2.59543e-11  1.79874e-11  4.49894e-12   2.6396e-12  1.22501e-12  2.98498e-13  9.12963e-14  4.06134e-14  2.95774e-14  2.65923e-14    2.534e-14  2.44372e-14  2.21879e-14  1.91792e-14    1.773e-14
    0.481833  6.58656e+09      33.1593  3.67355e-08  1.05584e-08  3.57534e-09  7.72198e-10  9.06369e-11  3.16201e-11  2.17686e-11  6.40306e-12  3.10859e-12  1.32557e-12  3.57088e-13   1.1436e-13  4.56341e-14  3.20398e-14   2.8584e-14  2.58642e-14  2.41774e-14  2.31122e-14   2.0344e-14  1.87123e-14
    0.503048  6.53675e+09      32.7978  3.65135e-08  1.22523e-08  3.31612e-09  3.99921e-10  9.85511e-11  4.93044e-11  2.24987e-11   9.6518e-12  3.36738e-12  1.97126e-12  4.34645e-13  1.21374e-13  4.81203e-14   3.3336e-14   2.8716e-14  2.71886e-14  2.53885e-14  2.41053e-14  2.13268e-14  1.92322e-14
    0.524566  6.49084e+09        32.44  4.12086e-08   1.3593e-08  5.25987e-09  1.12996e-09  1.00754e-10   6.9988e-11  2.77018e-11  1.68107e-11  3.64229e-12  2.11441e-12  6.16267e-13  1.64409e-13  6.21156e-14  3.75266e-14  3.05898e-14  2.82372e-14  2.61191e-14  2.44284e-14  2.22057e-14   2.0052e-14
    0.546392  6.35895e+09      31.9387  4.75067e-08  1.47261e-08  5.32215e-09  1.56983e-09  1.89608e-10  8.88783e-11  3.82034e-11  2.22493e-11  9.23937e-12  2.84205e-12  8.82214e-13  2.17684e-13  7.22375e-14  3.92197e-14  3.13061e-14  2.91611e-14  2.74446e-14  2.52158e-14  2.30528e-14  2.11355e-14
    0.575981  6.29327e+09      31.4507  4.84033e-08  1.79892e-08  5.91302e-09  1.45298e-09  3.55475e-10  9.66001e-11   6.5264e-11  2.64715e-11  9.30533e-12  3.54132e-12  9.51494e-13  2.00797e-13  7.49363e-14  4.08111e-14  3.26272e-14  3.03519e-14  2.84624e-14  2.63272e-14  2.45031e-14  2.25126e-14
    0.598543  6.25828e+09       31.109   4.8819e-08  1.52615e-08  5.10577e-09   1.8588e-09  3.77354e-10  1.10581e-10  7.96294e-11  3.26427e-11  1.03311e-11  3.61147e-12  1.22073e-12  2.65142e-13  8.16538e-14  4.84803e-14  3.40747e-14  3.18072e-14  3.03924e-14  2.76293e-14  2.52818e-14  2.33372e-14
    0.621429  6.22904e+09      30.7747  5.17737e-08  1.69327e-08  5.74677e-09  1.43605e-09  1.60525e-10   1.0289e-10  7.69649e-11  3.24141e-11  1.49275e-11  4.20563e-12   2.0555e-12  4.70356e-13  1.35004e-13  5.50207e-14  3.90005e-14  3.31211e-14  3.12005e-14  2.84843e-14  2.62343e-14  2.47799e-14
    0.644642  6.20173e+09       30.444   5.7312e-08    1.988e-08   5.2817e-09   1.4481e-09  3.55593e-10  9.51784e-11   7.9611e-11  5.58884e-11  1.91739e-11  7.24468e-12  2.92365e-12  8.18162e-13  1.69288e-13  5.77679e-14  4.02692e-14  3.34101e-14  3.25157e-14  3.00654e-14  2.75901e-14  2.60365e-14
     0.67611   6.1636e+09      29.9975  6.11506e-08   2.1778e-08  7.25598e-09  1.91312e-09  3.87384e-10  9.93104e-11  9.00791e-11  7.49693e-11  2.41943e-11  9.93428e-12  3.29798e-12  9.08436e-13  1.87013e-13  6.23972e-14  4.26372e-14  3.53861e-14  3.45889e-14  3.15401e-14   2.8272e-14  2.62937e-14
    0.700106  6.13535e+09      29.6638  5.83398e-08  1.87302e-08   7.3929e-09  2.05568e-09    1.561e-10  1.13294e-10  9.81888e-11  6.89418e-11  2.41534e-11  1.04705e-11  4.00813e-12   1.0013e-12  2.04078e-13  6.06194e-14  4.00889e-14  3.60419e-14  3.46991e-14  3.25067e-14   3.0009e-14  2.72464e-14
    0.732636  6.09817e+09      29.2191  7.12469e-08  2.62519e-08  8.61106e-09  2.16583e-09  3.38797e-10   1.0964e-10  9.71192e-11  8.24938e-11   4.0483e-11  1.28813e-11  3.66178e-12  8.56886e-13  2.01311e-13  7.05596e-14  4.64361e-14  3.87238e-14   3.6377e-14  3.41932e-14  3.20246e-14  2.88065e-14
    0.757441  6.07604e+09       28.894  6.82116e-08  2.41231e-08  1.01781e-08  3.83284e-09   1.0534e-09  3.00426e-10  9.95926e-11  7.74288e-11  5.53427e-11  1.78969e-11  8.40265e-12  1.35173e-12  2.71369e-13  1.01729e-13  5.13712e-14  4.08864e-14  3.86252e-14  3.50266e-14  3.23227e-14  2.92824e-14
    0.791068  6.05061e+09      28.4659  7.98796e-08  3.02479e-08  1.20523e-08  5.63237e-09  2.08235e-09  9.29653e-10  1.82502e-10  8.37403e-11  7.11742e-11  3.43013e-11  1.46762e-11  2.87497e-12  4.37957e-13  1.23348e-13  5.51729e-14  4.17786e-14  3.92086e-14  3.58114e-14  3.35044e-14  3.12881e-14
     0.81671  6.02612e+09      28.1383  8.02286e-08  3.23394e-08  1.42062e-08  5.32255e-09  1.84203e-09  9.14401e-10  3.02145e-10  9.37151e-11  7.23866e-11  5.74418e-11  2.36726e-11  6.22872e-12  8.82259e-13   2.3199e-13  8.17947e-14  4.79446e-14  4.08886e-14  3.80974e-14  3.49266e-14  3.20266e-14
    0.851471  5.97891e+09      27.6776  8.43205e-08  3.45597e-08  1.59999e-08  6.69143e-09  2.00175e-09  8.08485e-10  1.73153e-10  9.35726e-11  7.74482e-11  7.09898e-11  4.72778e-11  1.86871e-11  5.21358e-12  6.53365e-13  1.88162e-13  5.91687e-14  4.19127e-14  3.96038e-14  3.63484e-14  3.34575e-14
    0.886897  5.90717e+09      27.1805  9.79888e-08  4.30604e-08   1.7669e-08  6.60977e-09  2.56417e-09  1.03533e-09  1.04703e-10  9.15482e-11  8.67498e-11   6.2897e-11  6.24634e-11   4.5809e-11  1.72201e-11  2.81482e-12  4.22561e-13    1.302e-13  5.25736e-14  4.10094e-14  3.89233e-14   3.5787e-14
    0.923001  5.85154e+09      26.7109  9.30169e-08  4.33495e-08  2.00357e-08  9.74415e-09  4.09738e-09  2.05735e-09  1.09514e-09  2.20387e-10  9.11378e-11   6.8944e-11  5.82923e-11  6.32103e-11  2.53732e-11  9.56759e-12  9.45265e-13  1.39523e-13  5.32471e-14  4.19571e-14  4.00317e-14   3.7653e-14
    0.950531  5.80455e+09      26.3522  1.09879e-07  4.56555e-08   1.8724e-08  9.42326e-09  5.16528e-09  3.21558e-09  1.66614e-09  3.51261e-10  9.10932e-11  7.51165e-11  5.71502e-11  6.95488e-11  2.65894e-11  1.18838e-11  1.38333e-12  1.38596e-13  5.35756e-14  4.42312e-14  4.25373e-14  4.04572e-14
    0.987853    5.769e+09      25.9151  1.00158e-07  4.96199e-08  2.38438e-08  1.19396e-08  5.82867e-09  3.16917e-09  1.76997e-09  3.88768e-10  9.97895e-11  8.19438e-11  5.86607e-11  6.55405e-11  3.33437e-11  1.17866e-11  9.02785e-12   5.7013e-13  6.10353e-14  4.79377e-14  4.53731e-14  4.31926e-14
     1.03551  5.74869e+09      25.4099   1.1609e-07   5.2821e-08  2.51592e-08  1.50092e-08  8.23954e-09   4.7186e-09  1.46066e-09  4.58895e-10  1.13985e-10  8.65754e-11  6.47581e-11   6.5274e-11  5.16836e-11  2.58841e-11  1.04265e-11  8.27317e-12   3.4893e-13  5.01927e-14  4.74836e-14  4.54104e-14
     1.07446  5.72971e+09      25.0032  1.23024e-07  6.11239e-08   3.0032e-08   1.6209e-08  8.99311e-09  4.61013e-09  2.01475e-09  5.78901e-10  9.42196e-11  8.51389e-11  7.65027e-11   6.0101e-11  6.02966e-11  4.19119e-11  1.90334e-11   9.8572e-12  8.29042e-12  1.70786e-13  5.10377e-14  4.65118e-14
     1.11415  5.68971e+09       24.568  1.39807e-07  6.49872e-08  2.97659e-08  1.75847e-08  1.07046e-08  6.25885e-09  3.04823e-09   9.4631e-10   7.9324e-11  8.07981e-11  8.28562e-11  6.45912e-11  6.31102e-11  5.32967e-11  2.86064e-11   1.0631e-11  1.02759e-11   7.1712e-12  1.13943e-13  4.63916e-14
      1.1546  5.65271e+09      24.1397  1.27565e-07  6.97869e-08  3.80692e-08  2.12016e-08  1.16863e-08  6.40725e-09  2.72194e-09   8.4031e-10  3.54489e-10  1.33691e-10  8.85334e-11  7.09458e-11  5.91507e-11  5.72754e-11  4.44677e-11   2.6232e-11  1.13057e-11  9.17993e-12  6.97932e-12  1.00469e-13
     1.20626  5.63017e+09      23.6439  1.41974e-07  7.22002e-08  3.79481e-08   2.0353e-08  1.16489e-08  5.84614e-09  2.22764e-09  1.56268e-09    1.053e-09  5.41652e-10  3.20117e-10  9.98767e-11  6.93963e-11  5.72659e-11  5.43062e-11   4.8295e-11  3.13369e-11   1.2747e-11  1.03808e-11  6.81407e-12
     1.24847   5.6156e+09      23.2544  1.65965e-07  8.18368e-08  3.66184e-08  1.65519e-08  9.07499e-09  5.16497e-09  3.26476e-09  2.09656e-09   1.4043e-09  1.00151e-09  5.87899e-10  3.84729e-10  9.07013e-11   6.5722e-11  5.87627e-11  5.50893e-11  4.69948e-11  2.37446e-11  1.14955e-11  9.65866e-12
     1.30238  5.59784e+09      22.7729  1.50821e-07  8.16667e-08  3.89613e-08  1.93031e-08  1.14218e-08  6.43987e-09  4.54579e-09  3.26168e-09  2.24674e-09  1.59268e-09  1.10425e-09  6.00926e-10   2.8731e-10  7.33012e-11  6.84001e-11  5.56176e-11  5.24378e-11  3.58945e-11  1.40227e-11  1.23038e-11
     1.35758  5.55775e+09      22.2664  1.51636e-07  8.09818e-08  4.36654e-08   2.6216e-08  1.54466e-08  9.33644e-09  5.86499e-09  4.16426e-09  2.73682e-09  1.48847e-09  9.66293e-10  5.84038e-10   3.6906e-10  7.67317e-11  7.43698e-11  6.58805e-11  5.46711e-11   4.3671e-11  3.40878e-11  1.88788e-11
      1.4141  5.48652e+09      21.7244  1.71013e-07  1.01814e-07  5.67059e-08  3.11637e-08  1.83178e-08  1.13306e-08  6.90347e-09  4.62207e-09  2.85229e-09  1.68576e-09  9.48983e-10  6.44567e-10  2.00652e-10  5.44743e-11  5.30035e-11  5.43574e-11  5.05974e-11  5.01182e-11  4.37858e-11  3.59588e-11
     1.47197  5.42603e+09      21.2051   1.6638e-07  9.57475e-08  5.53325e-08  3.30123e-08  2.03812e-08  1.22641e-08  7.99946e-09  4.48954e-09  2.25129e-09   1.1764e-09   7.5537e-10  3.95299e-10  9.54819e-11  6.42634e-11  5.40004e-11  5.17064e-11  4.04878e-11  4.24283e-11  4.72381e-11  4.61784e-11
     1.53124  5.40184e+09      20.7399  1.79583e-07  9.95023e-08   5.4149e-08  3.13981e-08     1.83e-08  1.13098e-08  6.99886e-09  4.00528e-09  2.04826e-09  1.26199e-09  7.67048e-10  3.97909e-10  9.74465e-11  7.81128e-11  7.28682e-11  5.96759e-11  5.34046e-11  4.25189e-11  3.98603e-11  4.22319e-11
     1.60423     5.25e+09      20.0343  1.87591e-07  1.03088e-07  5.58386e-08  2.84165e-08  1.62299e-08  9.10949e-09  5.63817e-09  3.21442e-09   1.9147e-09   9.9278e-10   7.0127e-10  4.86475e-10  3.09053e-10  1.36296e-10  9.54631e-11  7.71501e-11   6.8122e-11  5.91793e-11  5.37663e-11  4.44376e-11
     1.66667  4.98389e+09      19.2793   1.9484e-07  1.05757e-07  5.53856e-08  2.84772e-08  1.57164e-08  9.32775e-09  5.30469e-09  3.31002e-09  2.72465e-09  1.82407e-09  1.03084e-09  7.69806e-10  5.57267e-10  3.71374e-10   2.5607e-10  1.22531e-10  9.40717e-11  8.12295e-11  6.63838e-11  5.82402e-11
     1.74357  4.90289e+09      18.6914  1.61396e-07  9.40476e-08  5.42382e-08  3.21302e-08  1.86937e-08  1.09816e-08  6.97976e-09  4.29665e-09  2.69527e-09  1.95783e-09  1.22223e-09  1.02276e-09  8.07173e-10  6.87871e-10  4.76223e-10  2.89144e-10  1.37187e-10  9.39213e-11  7.53758e-11   6.3395e-11
     1.82269  4.72991e+09      17.9996  1.86917e-07  1.12867e-07  6.03439e-08  3.08329e-08  1.75421e-08  1.15476e-08   7.8954e-09  5.46372e-09  3.64944e-09  2.29064e-09  1.46581e-09  1.18932e-09  9.23543e-10  6.21266e-10  3.88089e-10  2.03877e-10   1.3183e-10  1.00629e-10  8.19422e-11  6.41079e-11
     1.90409  4.42927e+09      17.1591  1.76494e-07  1.05369e-07  6.83863e-08   4.3203e-08  2.67066e-08  1.65769e-08  1.06715e-08  6.81414e-09  4.09219e-09  2.42666e-09  1.67008e-09  1.25124e-09  1.06711e-09  8.59676e-10  6.15887e-10  3.96825e-10  2.15412e-10  1.45624e-10  1.03087e-10  8.17375e-11
