# Number of radial bins
20
# Edges of radial bins in units of R200c [%d floats]
         0.2         0.25          0.3         0.35          0.4         0.45          0.5         0.55          0.6         0.65          0.7         0.75          0.8         0.85          0.9         0.95            1         1.05          1.1         1.15          1.2
# Number of redshifts
66
# Redshift [float] M200c in Msun [float] R200c in kpc [float] Magnetic field strength in bins in muG [20 floats]
 2.22045e-16  8.26746e+10      91.8327  3.01906e-07  1.49658e-07   8.4439e-08  5.51148e-08  4.16829e-08  3.34053e-08  2.72341e-08  2.30951e-08  2.02014e-08  1.78564e-08  1.58506e-08  1.40499e-08   1.2262e-08  1.05293e-08  9.25412e-09   8.2829e-09  7.37499e-09  6.56307e-09  5.75386e-09  5.05651e-09
  0.00952167  8.26099e+10      91.5336  2.82634e-07  1.28556e-07  8.27068e-08  5.82209e-08  4.44024e-08  3.51607e-08  2.90528e-08  2.50247e-08  2.13212e-08  1.83441e-08  1.58391e-08  1.40404e-08  1.17207e-08  1.02509e-08  9.29322e-09  7.90175e-09  7.00428e-09  6.30581e-09  5.49009e-09  4.69997e-09
   0.0239744  8.26826e+10      91.1499  2.93124e-07  1.55749e-07  1.00858e-07  7.12977e-08  5.29856e-08  3.86856e-08  3.01185e-08  2.54117e-08  2.17232e-08  1.82569e-08  1.51964e-08  1.33527e-08  1.08008e-08  9.42073e-09   8.3042e-09  7.47593e-09  6.98238e-09   6.0376e-09  5.30926e-09  4.86545e-09
   0.0337244  8.26519e+10      90.8623  3.52366e-07  1.91799e-07  1.12372e-07  7.47098e-08  5.02405e-08  3.70131e-08  3.03595e-08  2.52771e-08  2.04797e-08  1.64826e-08  1.38278e-08  1.17982e-08  1.05699e-08    9.448e-09  8.58502e-09  7.67516e-09  6.92173e-09  6.15762e-09  5.48544e-09  5.12075e-09
   0.0485236  8.26116e+10      90.4129  3.58026e-07  1.74368e-07  1.00098e-07  6.59832e-08  4.75225e-08  3.32543e-08  2.56753e-08   2.1328e-08  1.84292e-08  1.57728e-08   1.3462e-08  1.19006e-08  1.07717e-08  9.83026e-09  8.84758e-09   8.0117e-09  7.15051e-09  6.52141e-09  5.92277e-09  5.20689e-09
   0.0585073  8.25082e+10      90.0837   3.2652e-07  1.69608e-07  9.15151e-08  6.41227e-08  4.20399e-08  3.21824e-08  2.59224e-08  2.16702e-08  1.88731e-08   1.6088e-08  1.36813e-08  1.21459e-08  1.12279e-08  1.01223e-08  9.16261e-09  8.33168e-09  7.47222e-09  6.72509e-09  5.85096e-09  5.21001e-09
   0.0736614  8.22961e+10      89.5606  3.35537e-07  1.50568e-07  9.03258e-08  5.88376e-08  4.35026e-08  3.43242e-08  2.80943e-08  2.30121e-08  1.93106e-08  1.64409e-08  1.45217e-08  1.30765e-08  1.16953e-08   1.0703e-08  9.64905e-09  8.39866e-09  6.95771e-09  5.97344e-09  5.25788e-09  4.66139e-09
   0.0838844  8.21345e+10      89.2036   3.1109e-07  1.64928e-07  1.00096e-07  6.74631e-08  4.91232e-08  3.74479e-08   2.9461e-08  2.34924e-08  1.96548e-08  1.68555e-08   1.5131e-08  1.33341e-08  1.14587e-08  9.86184e-09  8.60408e-09  7.65995e-09   6.8339e-09  6.07112e-09  5.34103e-09  4.74454e-09
   0.0994018  8.18474e+10      88.6334  3.81337e-07  1.96605e-07  1.17915e-07  8.15941e-08   5.4453e-08   4.0207e-08  3.02824e-08  2.41141e-08  1.88286e-08  1.60593e-08  1.40553e-08  1.24089e-08  1.11268e-08   1.0175e-08  8.99937e-09   8.1455e-09  6.99936e-09  6.05363e-09  5.40652e-09  4.84291e-09
     0.10987  8.15737e+10      88.2239  4.03837e-07  1.97064e-07  1.30436e-07  7.89183e-08  5.14851e-08  3.82073e-08  2.88831e-08  2.24827e-08  1.86835e-08   1.6185e-08  1.44657e-08  1.27611e-08  1.19788e-08  1.06602e-08  9.46673e-09  7.89283e-09  6.95761e-09  6.12365e-09  5.43487e-09  4.75602e-09
    0.125759  8.13296e+10      87.6591   3.6715e-07  1.77771e-07  1.02311e-07  6.68892e-08  4.67131e-08  3.58338e-08  2.93713e-08  2.42615e-08  1.99895e-08  1.73104e-08  1.57287e-08  1.44117e-08  1.34053e-08  1.05922e-08  8.73429e-09  7.76662e-09  6.76139e-09  6.06581e-09  5.37088e-09   4.9056e-09
    0.141876  8.11201e+10      87.0941   3.3884e-07  1.63449e-07  9.57684e-08  7.00487e-08  5.40301e-08  4.14102e-08  3.30062e-08  2.64419e-08  2.25423e-08  1.99581e-08  1.68803e-08  1.40522e-08   1.1848e-08  9.80345e-09  8.56978e-09  7.47105e-09  6.96811e-09  6.25767e-09  5.71564e-09  5.18241e-09
    0.152749  8.10237e+10      86.7301  3.60258e-07   1.6464e-07  1.08469e-07  8.55946e-08  6.01805e-08  4.53028e-08  3.45249e-08   2.8271e-08  2.24769e-08  1.76341e-08  1.50902e-08  1.30179e-08  1.14107e-08  9.95544e-09  8.83506e-09  7.84776e-09  7.14569e-09  6.63138e-09  5.80508e-09  5.43216e-09
    0.169252  8.09213e+10      86.1886  3.85184e-07  1.94055e-07  1.33898e-07  9.99114e-08  6.38169e-08   4.1469e-08  2.92656e-08  2.33782e-08  1.98101e-08  1.71917e-08  1.50377e-08  1.35051e-08   1.2074e-08  1.05629e-08  9.44438e-09  8.60749e-09  7.62528e-09  7.03548e-09  6.22804e-09  5.69518e-09
    0.180385   8.0781e+10      85.7997  3.83172e-07  2.11716e-07  1.35644e-07  8.21392e-08  4.89336e-08  3.58963e-08  2.94274e-08  2.43915e-08  2.08597e-08  1.81519e-08  1.61375e-08  1.43228e-08  1.27653e-08  1.12468e-08  1.00101e-08  8.99548e-09  7.95546e-09  7.26013e-09  6.41449e-09  5.79585e-09
    0.197284  8.04155e+10      85.1524  3.46777e-07  1.73253e-07  1.09823e-07  7.14852e-08  5.11961e-08  4.01699e-08  3.25082e-08  2.73398e-08  2.35967e-08  2.04221e-08  1.82566e-08  1.61334e-08  1.38096e-08  1.22466e-08  1.07712e-08  9.41413e-09  8.42122e-09  7.31197e-09  6.37914e-09  5.55452e-09
    0.214425  8.02381e+10      84.5626  3.54824e-07  2.08449e-07  1.32112e-07  8.32279e-08  6.30431e-08  4.87322e-08  3.93024e-08  3.18471e-08  2.66262e-08  2.31375e-08  1.98617e-08  1.73157e-08  1.49728e-08   1.2747e-08  1.09867e-08  9.61643e-09  8.11938e-09  6.91218e-09  6.02072e-09  5.43849e-09
    0.225988  8.00311e+10      84.1356  3.93429e-07  2.42107e-07  1.37262e-07  9.67475e-08  7.30331e-08  5.63141e-08  4.42268e-08  3.51011e-08  2.85542e-08   2.3802e-08   2.0716e-08  1.80536e-08   1.4612e-08  1.25249e-08  1.07979e-08  9.08094e-09  7.80447e-09  6.84996e-09  6.09794e-09  5.46858e-09
     0.24354   7.9936e+10      83.5615  4.48083e-07  2.41989e-07  1.65771e-07  1.17915e-07  8.36655e-08  6.27951e-08  4.74804e-08  3.64925e-08  2.89692e-08  2.41836e-08   1.9769e-08  1.63816e-08  1.36669e-08  1.18186e-08  1.01784e-08  9.05138e-09  7.89242e-09  6.86701e-09  6.30785e-09  5.53247e-09
    0.261343  8.00454e+10      83.0443  4.47594e-07  2.71969e-07  1.85445e-07  1.20424e-07  8.21004e-08  6.05338e-08  4.57752e-08  3.47368e-08  2.76922e-08  2.20053e-08  1.84027e-08  1.61205e-08   1.4018e-08  1.19258e-08  1.03798e-08  9.07722e-09  8.03248e-09  7.08116e-09  6.34589e-09   5.6978e-09
    0.273353  8.01823e+10      82.7178  4.79209e-07  2.87249e-07  1.67514e-07  1.12226e-07  7.80688e-08  5.59509e-08   4.0278e-08  3.31577e-08  2.72566e-08  2.27781e-08   1.9529e-08  1.64223e-08  1.41289e-08  1.20462e-08  1.05196e-08    9.214e-09  8.14899e-09  7.06204e-09  6.36683e-09  5.75457e-09
    0.291583   8.0738e+10      82.3441  4.06387e-07  2.27667e-07  1.68373e-07  9.43799e-08  7.05428e-08  5.44803e-08  4.17143e-08  3.25203e-08  2.73747e-08  2.39199e-08  2.02732e-08  1.62901e-08   1.4002e-08    1.213e-08  1.06336e-08  9.19921e-09  7.88387e-09  7.11395e-09  6.43333e-09  6.10554e-09
    0.310074  8.09206e+10      81.8288  4.16184e-07  2.16246e-07  1.38026e-07  9.89107e-08  7.42822e-08  5.59772e-08  4.38876e-08  3.59932e-08  3.08732e-08  2.40208e-08  1.93973e-08  1.66501e-08  1.41118e-08  1.19586e-08   1.0298e-08  9.12454e-09  8.10716e-09  7.18152e-09  6.50728e-09  6.03124e-09
     0.32883  8.08737e+10      81.2276  4.33428e-07  2.52329e-07  1.64839e-07  1.13636e-07  8.23776e-08  6.07235e-08  5.00847e-08  4.02644e-08  2.96062e-08  2.26297e-08   1.8921e-08  1.61732e-08  1.39099e-08  1.18402e-08   1.0475e-08  9.33945e-09  8.27926e-09  7.42822e-09  6.72275e-09  6.19447e-09
    0.347854  8.07458e+10      80.5948  4.87163e-07  2.76484e-07  1.79048e-07  1.21809e-07  8.75449e-08  6.38819e-08  4.53877e-08  3.37371e-08  2.70203e-08  2.21832e-08  1.86763e-08  1.63623e-08  1.43731e-08  1.23686e-08  1.09834e-08  9.66832e-09  8.73232e-09  7.82616e-09  7.12712e-09   6.4767e-09
    0.360688  8.07862e+10      80.2084  4.80029e-07  2.90748e-07  1.80737e-07  1.19674e-07  7.95726e-08  5.47933e-08  4.06517e-08  3.26715e-08  2.69203e-08  2.28547e-08  1.95004e-08  1.69987e-08  1.47876e-08   1.3064e-08  1.14611e-08  1.00829e-08  9.11138e-09  8.19568e-09  7.39264e-09  6.61509e-09
    0.380168  8.08929e+10      79.6368  4.65206e-07  2.69654e-07  1.51894e-07  9.81747e-08  7.04562e-08  5.33872e-08  4.22279e-08  3.44159e-08  2.87694e-08  2.40176e-08  2.07904e-08  1.81372e-08  1.59612e-08  1.40105e-08  1.22913e-08  1.07828e-08  9.87896e-09  8.79868e-09  7.72984e-09  6.98046e-09
    0.399927  8.13123e+10      79.1619  4.37849e-07  2.44939e-07  1.53114e-07   9.9979e-08  7.25666e-08   5.5704e-08  4.42817e-08  3.60512e-08  3.09665e-08  2.62514e-08  2.26058e-08  1.97905e-08  1.74632e-08  1.51018e-08  1.33775e-08  1.18585e-08  1.06167e-08  9.19003e-09   8.1573e-09  7.47022e-09
    0.419969  8.20926e+10      78.7898  4.57124e-07  2.69305e-07  1.58491e-07  1.01622e-07  7.52931e-08  5.86522e-08  4.75852e-08  3.95183e-08  3.37681e-08  2.93276e-08  2.54849e-08  2.21064e-08   1.9099e-08  1.64913e-08  1.43499e-08  1.27241e-08  1.08565e-08  9.65528e-09  8.71615e-09  7.79065e-09
    0.440298   8.3079e+10      78.4758  4.90281e-07  2.75804e-07  1.63957e-07  1.11799e-07  8.57806e-08  6.67409e-08  5.35699e-08   4.5011e-08   3.8863e-08  3.28957e-08  2.79619e-08  2.41569e-08  2.04249e-08  1.73836e-08  1.49346e-08  1.29698e-08  1.14916e-08  9.62165e-09  7.60984e-09  6.52786e-09
    0.460918  8.44395e+10      78.2598  5.10767e-07  2.67872e-07  1.78254e-07  1.34162e-07  1.03517e-07  8.07973e-08  6.33473e-08  5.19973e-08  4.28888e-08   3.5651e-08  3.07066e-08  2.52804e-08  2.09254e-08  1.77879e-08  1.39465e-08  1.12354e-08  8.78486e-09  6.51108e-09  4.87424e-09  3.84317e-09
    0.481833  8.53422e+10      77.8834  4.96238e-07  3.00832e-07   2.1508e-07  1.67894e-07  1.26311e-07  9.35379e-08  7.25735e-08  5.75407e-08   4.5783e-08  3.69641e-08  2.93968e-08  2.19714e-08  1.60277e-08  1.17445e-08  8.89371e-09  7.13138e-09  5.61512e-09  4.58112e-09  3.66759e-09  3.04297e-09
    0.503048  8.55566e+10      77.2932  5.06081e-07   3.4995e-07  2.66837e-07  1.89904e-07  1.33803e-07  9.39809e-08  6.52673e-08  5.05025e-08  3.69865e-08  2.68148e-08  1.99654e-08   1.4712e-08  1.07842e-08  8.09602e-09  6.36736e-09  5.24763e-09  4.53715e-09  3.98597e-09  3.38952e-09  2.94906e-09
    0.524566  8.44726e+10      76.3064  5.89213e-07  3.55693e-07   2.2682e-07  1.43572e-07  1.03234e-07  7.18262e-08   5.0924e-08  3.73364e-08  2.65551e-08  1.73215e-08  1.25951e-08  9.78969e-09  7.86012e-09  6.83546e-09   5.9815e-09  5.23673e-09  4.63541e-09  3.89988e-09  3.24473e-09  2.93835e-09
    0.546392  8.35784e+10      75.3704  4.90016e-07  3.10087e-07  1.96432e-07   1.2308e-07  8.04179e-08  5.05943e-08  2.82439e-08  1.97927e-08    1.605e-08  1.29179e-08  1.08647e-08  9.37053e-09  8.20656e-09  7.15944e-09  6.17293e-09  5.29245e-09  4.66868e-09  3.89969e-09  3.37604e-09  2.93499e-09
    0.575981  8.22906e+10      74.0959  5.48114e-07  2.28646e-07  1.40923e-07  8.68315e-08  5.03088e-08  3.39102e-08  2.60282e-08   2.1044e-08   1.7525e-08  1.42982e-08  1.21991e-08  1.04581e-08  8.90299e-09  7.46439e-09  6.33466e-09  5.45673e-09  4.59076e-09  3.90188e-09  3.24609e-09  2.88007e-09
    0.598543  8.14873e+10      73.1872  4.49918e-07  2.13648e-07  1.33554e-07   8.9289e-08  5.92277e-08  4.09762e-08  3.13388e-08  2.46053e-08  2.01111e-08  1.63445e-08  1.28874e-08  1.10091e-08  9.33684e-09  7.72976e-09  6.45855e-09  5.32922e-09  4.31919e-09  3.84018e-09  3.30883e-09  2.85147e-09
    0.621429  8.02328e+10      72.1395  4.51371e-07   2.3778e-07  1.52647e-07  9.72724e-08  6.85199e-08  5.10807e-08  3.83451e-08  2.80566e-08  2.12214e-08  1.72969e-08  1.41022e-08  1.15836e-08  9.31162e-09  7.50986e-09  5.84954e-09  4.82326e-09  4.29527e-09  3.68298e-09  3.32945e-09  2.83998e-09
    0.644642   7.8648e+10      70.9932   4.9348e-07  2.57011e-07  1.71018e-07  1.19702e-07  8.58942e-08  5.59306e-08  3.89397e-08  2.86664e-08   2.3068e-08  1.87348e-08   1.4054e-08  1.05533e-08  7.95123e-09   6.3068e-09  5.19808e-09  4.80977e-09  4.27768e-09  3.73039e-09   3.2993e-09  2.87554e-09
     0.67611  7.46578e+10       68.895  5.32512e-07  3.44546e-07  2.19547e-07    1.249e-07   7.6268e-08  5.56911e-08  4.03458e-08   2.7576e-08  1.94281e-08  1.45978e-08   1.1596e-08  9.36021e-09  7.63339e-09  6.55864e-09  5.83876e-09   5.1248e-09  4.49944e-09  4.10672e-09  3.66739e-09  3.07265e-09
    0.700106  6.72453e+10      65.8931  5.83217e-07  3.86377e-07  2.09193e-07  1.14595e-07  7.50965e-08  4.97438e-08   3.3734e-08  2.47459e-08   1.9631e-08  1.59119e-08  1.25268e-08  1.02376e-08  8.72455e-09  7.65724e-09  6.51607e-09  5.88982e-09  5.21834e-09  4.51932e-09  4.03305e-09  3.66024e-09
    0.732636  6.43532e+10      64.0875  5.70895e-07  2.76265e-07  1.49292e-07   9.7888e-08  6.71036e-08  4.85016e-08  3.72333e-08  2.68971e-08  2.19131e-08  1.73509e-08  1.36617e-08  1.11762e-08  9.35772e-09  8.13973e-09  7.18517e-09  6.33106e-09  5.39754e-09  4.94519e-09  4.44413e-09  3.97483e-09
    0.757441   6.2775e+10      62.9306  6.30946e-07  3.09565e-07  1.68351e-07  1.00535e-07  6.93941e-08  5.15228e-08  4.00444e-08  3.04787e-08  2.01407e-08  1.64265e-08  1.39771e-08  1.20349e-08  9.94649e-09  8.39623e-09  7.31671e-09  6.27022e-09  5.83158e-09  5.10052e-09  4.79582e-09  4.32122e-09
    0.791068  6.13306e+10      61.6064  6.98445e-07  3.84208e-07  1.72611e-07  9.58614e-08  6.87644e-08  5.26479e-08  3.91348e-08  2.71204e-08  2.01149e-08  1.60473e-08  1.36542e-08  1.18498e-08  1.03223e-08  8.81562e-09  7.59789e-09   6.8209e-09  6.22299e-09  5.67901e-09  5.31206e-09   4.8349e-09
     0.81671  5.98913e+10      60.4959  7.42793e-07  4.32083e-07  2.18814e-07  1.23607e-07  8.05349e-08   5.6901e-08  3.97751e-08  2.83118e-08  2.19083e-08  1.74405e-08  1.37718e-08  1.21297e-08  1.01254e-08  9.25341e-09  8.25485e-09  7.42017e-09  6.81512e-09  5.93808e-09  5.71608e-09  5.11196e-09
    0.851471  5.85472e+10      59.2143  7.99982e-07  4.75664e-07   2.9581e-07  1.68612e-07  9.53065e-08  5.68661e-08  3.84864e-08  2.85134e-08  2.07969e-08  1.66204e-08  1.45649e-08  1.27646e-08  1.11796e-08  1.01415e-08  8.95286e-09  8.22767e-09  7.42557e-09  6.65065e-09  6.22302e-09  5.67318e-09
    0.886897  5.65601e+10      57.7172  9.07786e-07  5.18567e-07  2.55726e-07  1.26388e-07  7.06119e-08  3.87461e-08  3.01876e-08  2.54558e-08  2.17853e-08  1.89206e-08  1.65099e-08  1.44662e-08  1.28885e-08  1.13068e-08  1.01927e-08  9.17086e-09  8.29054e-09  7.65105e-09  6.83407e-09  6.40854e-09
    0.923001  5.44645e+10      56.1849   8.8703e-07  4.31886e-07  2.02135e-07  1.13098e-07  7.96933e-08  5.75006e-08  4.26878e-08  3.30135e-08  2.58283e-08  2.18279e-08  1.88023e-08  1.66204e-08  1.45222e-08  1.28244e-08  1.14073e-08  1.00603e-08  9.24744e-09  8.68883e-09  7.82102e-09  7.23573e-09
    0.950531  5.35701e+10      55.2746   9.2563e-07  5.03454e-07  2.94374e-07  1.85325e-07  1.20737e-07  7.73484e-08  5.27473e-08  4.15519e-08  3.04708e-08  2.47028e-08  2.05898e-08  1.76806e-08  1.56812e-08  1.38858e-08  1.25259e-08  1.13902e-08  1.01215e-08  9.34753e-09  8.52915e-09  7.74941e-09
    0.987853  5.25052e+10      54.1074  9.67975e-07  6.20155e-07  4.10129e-07  2.44518e-07  1.40238e-07  8.95551e-08  6.15134e-08  4.82623e-08  4.04071e-08  3.45044e-08   2.7033e-08  2.12121e-08  1.79069e-08  1.58429e-08  1.43839e-08  1.31714e-08  1.18154e-08  1.04532e-08  9.37132e-09  8.31429e-09
     1.03551  5.16018e+10      52.8064  9.98219e-07  5.98354e-07  3.19499e-07   1.9389e-07  1.15618e-07  8.66717e-08  6.95138e-08  5.84801e-08  5.25478e-08  4.70111e-08  4.14736e-08  2.99598e-08  2.27182e-08  1.97625e-08  1.75308e-08  1.56255e-08  1.33157e-08  1.13879e-08  9.90562e-09  8.96785e-09
     1.07446  5.10658e+10       51.838  9.39338e-07  5.16643e-07  3.05501e-07   2.2335e-07  1.52865e-07  1.08187e-07  8.21906e-08   7.2088e-08  6.93152e-08  5.81903e-08  4.42285e-08  3.23129e-08  2.67368e-08  2.30164e-08  1.94474e-08   1.5971e-08  1.39008e-08  1.22276e-08  1.09737e-08  9.78979e-09
     1.11415  5.04814e+10      50.8597  1.04494e-06  6.05777e-07  3.55038e-07  2.44083e-07  1.95121e-07  1.62778e-07  1.25651e-07  9.29309e-08  7.84284e-08  5.92479e-08  4.61069e-08  3.55599e-08  2.96184e-08  2.53277e-08  2.14722e-08  1.80423e-08  1.52369e-08   1.3694e-08  1.21561e-08  1.07217e-08
      1.1546  5.01877e+10      49.9866  1.05406e-06  6.30732e-07  4.14154e-07  2.75168e-07  2.02728e-07  1.76834e-07  1.49136e-07  1.05716e-07  8.25111e-08  6.87415e-08  5.48074e-08  4.21743e-08  3.45482e-08  2.87689e-08  2.27491e-08  1.91643e-08  1.69307e-08  1.50227e-08  1.31706e-08  1.18576e-08
     1.20626  4.95527e+10      48.8156  1.01013e-06  6.11096e-07  3.89617e-07  2.94375e-07  2.35437e-07  1.92166e-07  1.47077e-07  1.19055e-07  9.46632e-08  7.28961e-08  5.64376e-08  4.31391e-08  3.48548e-08  2.95251e-08  2.48069e-08  2.19928e-08  1.91747e-08    1.646e-08  1.49794e-08  1.33393e-08
     1.24847  4.91493e+10      47.9235  9.89437e-07  6.27088e-07    4.179e-07  3.18617e-07  2.44796e-07  1.84332e-07  1.56542e-07  1.17629e-07  8.21286e-08  6.29282e-08  4.96994e-08  4.18582e-08  3.53895e-08  3.11247e-08  2.69856e-08  2.45423e-08  2.11963e-08  1.79914e-08  1.52029e-08  1.26784e-08
     1.30238  4.88327e+10      46.8774  1.04247e-06   6.9415e-07  4.61909e-07  3.22922e-07  2.31324e-07  1.76599e-07  1.23964e-07  8.60271e-08  6.98724e-08  6.07275e-08  5.05584e-08  4.19086e-08  3.65212e-08  3.28499e-08  2.72568e-08  2.52999e-08  1.70156e-08  1.29667e-08  1.05904e-08   9.1925e-09
     1.35758  4.84761e+10      45.8347  1.19001e-06  7.51562e-07  4.41881e-07   2.8412e-07  1.98023e-07  1.45991e-07  1.09286e-07   8.7433e-08  7.06742e-08  5.83637e-08   4.8947e-08  4.13869e-08  3.26999e-08  2.73881e-08  2.29252e-08  2.04461e-08   1.6284e-08  1.34154e-08  1.20311e-08  1.01273e-08
      1.4141  4.80268e+10       44.773  1.15239e-06  7.63266e-07  4.75932e-07  3.28636e-07  2.27334e-07  1.74376e-07  1.42873e-07  1.06123e-07  7.83476e-08  6.20984e-08  4.90432e-08  3.83484e-08  3.35511e-08  2.79918e-08  2.28969e-08   1.8421e-08   1.5082e-08  1.31736e-08  1.20114e-08   1.0172e-08
     1.47197  4.69303e+10      43.5261   1.2162e-06  8.62676e-07   6.1603e-07  4.27234e-07  2.83603e-07  2.14779e-07  1.59617e-07  1.22268e-07  9.23605e-08    6.233e-08  4.64696e-08  3.74588e-08  3.09145e-08  2.60906e-08  2.22993e-08  1.91038e-08    1.598e-08   1.3669e-08  1.20065e-08  1.03913e-08
     1.53124    4.642e+10      42.4802  1.30177e-06  1.00728e-06  7.45268e-07  4.66493e-07  2.91624e-07  1.82637e-07  1.39861e-07  9.62713e-08  7.23956e-08  5.99699e-08   5.1634e-08  4.44458e-08  3.51573e-08  2.72929e-08  2.35688e-08  1.98454e-08  1.71074e-08  1.47761e-08   1.2745e-08  1.13596e-08
     1.60423    4.574e+10      41.2254  1.30298e-06  9.20982e-07  6.95606e-07  4.92482e-07  2.76799e-07  1.83847e-07  1.41489e-07   1.0919e-07  8.70804e-08  7.27316e-08  5.75721e-08  4.62127e-08  3.83578e-08  3.27504e-08  2.64274e-08  2.17987e-08  1.89691e-08  1.64138e-08  1.46434e-08  1.27986e-08
     1.66667  4.47715e+10      40.0767  1.53108e-06  1.05896e-06  7.40157e-07  4.62143e-07  3.22102e-07  2.30927e-07  1.60981e-07  1.25504e-07  1.00011e-07   7.9638e-08  6.60776e-08  5.52174e-08  4.80879e-08  4.20322e-08  3.56836e-08  2.75183e-08  2.25118e-08  1.92887e-08  1.69316e-08  1.47922e-08
     1.74357  4.36553e+10      38.7404  1.61508e-06   1.1661e-06  7.48319e-07  5.01458e-07  3.52077e-07  2.53644e-07  1.90998e-07  1.49238e-07  1.17868e-07   9.6951e-08  8.30826e-08  7.24688e-08  6.49433e-08  5.79224e-08  4.64511e-08   3.4693e-08   2.8562e-08  2.42242e-08  2.06456e-08  1.80526e-08
     1.82269  4.33589e+10        37.67  1.42195e-06  1.19613e-06  9.30757e-07  6.45048e-07  4.10881e-07  2.97879e-07  2.19702e-07   1.7355e-07   1.4508e-07  1.24002e-07  1.03021e-07  9.00431e-08  7.44856e-08  5.84254e-08  4.74566e-08  3.89362e-08   3.1998e-08  2.75422e-08  2.28017e-08  1.92163e-08
     1.90409   4.2782e+10      36.5417  1.49966e-06  1.21935e-06  8.91191e-07  6.39544e-07  4.47338e-07  3.42656e-07  2.81058e-07  2.24987e-07  1.64833e-07  1.22856e-07  9.76584e-08  8.44773e-08  6.92696e-08  5.76398e-08  4.76737e-08  4.10111e-08  3.53847e-08  2.89214e-08  2.39828e-08  2.00789e-08
