# Number of radial bins
20
# Edges of radial bins in units of R200c [%d floats]
         0.2         0.25          0.3         0.35          0.4         0.45          0.5         0.55          0.6         0.65          0.7         0.75          0.8         0.85          0.9         0.95            1         1.05          1.1         1.15          1.2
# Number of redshifts
66
# Redshift [float] M200c in Msun [float] R200c in kpc [float] Magnetic field strength in bins in muG [20 floats]
 2.22045e-16   1.0891e+12      216.886  6.27317e-07  4.57359e-07  3.53675e-07  2.62617e-07  2.21619e-07  1.96628e-07  1.67343e-07  1.39675e-07  1.19212e-07   1.0293e-07  8.96125e-08  7.99954e-08  7.46949e-08  6.92133e-08  5.92064e-08  5.12627e-08  4.47179e-08  3.94445e-08  3.64788e-08  3.42521e-08
  0.00952167  1.08827e+12      216.193  6.16697e-07  4.18563e-07  3.21616e-07   2.7862e-07  2.17914e-07  1.87204e-07  1.56574e-07  1.38284e-07  1.19877e-07  1.04657e-07  9.27416e-08  8.37017e-08   7.4931e-08  6.76515e-08  5.79749e-08  4.94158e-08  4.44845e-08  4.13267e-08  3.82931e-08  3.49222e-08
   0.0239744  1.08837e+12      215.222  6.68047e-07  4.40558e-07  3.17967e-07  2.58737e-07   2.2534e-07   1.9164e-07   1.6395e-07  1.42913e-07  1.27002e-07  1.08104e-07  9.15882e-08  8.07861e-08  7.31363e-08  6.56168e-08  5.84546e-08  5.30068e-08  4.78172e-08  4.26312e-08  3.75457e-08  3.42678e-08
   0.0337244  1.09027e+12      214.687  6.64716e-07  4.31502e-07  3.31537e-07  2.66024e-07  2.17161e-07  1.88222e-07  1.68165e-07  1.45489e-07  1.20911e-07   1.0381e-07  9.11111e-08  8.17045e-08  7.39761e-08  6.67512e-08  6.02555e-08  5.33584e-08  4.65902e-08  3.99422e-08  3.58574e-08   3.2166e-08
   0.0485236  1.09043e+12      213.683  6.11914e-07  4.22096e-07  3.19913e-07  2.52945e-07  2.12371e-07  1.94167e-07  1.71896e-07  1.48356e-07  1.22872e-07  1.06439e-07  9.30602e-08  8.11181e-08  7.15302e-08  6.49904e-08  5.73483e-08  5.11093e-08   4.5455e-08  3.92006e-08  3.42172e-08  3.07523e-08
   0.0585073  1.08767e+12      212.813  6.38766e-07  4.35507e-07  3.40714e-07  2.79816e-07  2.34911e-07  2.05825e-07  1.79954e-07  1.43775e-07  1.20697e-07  1.03925e-07  8.85726e-08  8.11455e-08  7.14786e-08  6.28586e-08  5.67087e-08  5.09746e-08  4.47054e-08  3.83667e-08  3.39063e-08  2.99191e-08
   0.0736614  1.07271e+12      210.786  7.73055e-07  5.35923e-07  3.68681e-07  2.86476e-07   2.3504e-07  2.05778e-07  1.71064e-07  1.37604e-07  1.17677e-07  1.04729e-07  8.91894e-08  7.54796e-08  6.81479e-08  6.32901e-08  5.77485e-08  5.17077e-08  4.39748e-08  3.75561e-08  3.17036e-08  2.80737e-08
   0.0838844  1.07193e+12      210.014  7.79162e-07  5.41331e-07  4.00516e-07  2.96613e-07  2.44608e-07  2.01878e-07  1.65973e-07  1.36275e-07  1.11452e-07  9.73253e-08  8.53145e-08  7.54617e-08  7.03112e-08  6.59323e-08  5.93807e-08  5.02898e-08  4.11383e-08  3.39658e-08  3.01346e-08  2.72407e-08
   0.0994018  1.07078e+12      208.851  8.69925e-07  5.58634e-07   3.9808e-07  3.09101e-07  2.24142e-07   1.7999e-07  1.46634e-07  1.22254e-07  1.07136e-07  9.51904e-08  8.66961e-08  8.24291e-08  7.45824e-08  6.42292e-08  5.38277e-08  4.39337e-08  3.69179e-08  3.26886e-08  2.89243e-08  2.57347e-08
     0.10987   1.0721e+12      208.198  8.46775e-07  5.44456e-07  3.85182e-07  2.92607e-07  2.24347e-07  1.82065e-07  1.45383e-07  1.24926e-07  1.08021e-07  9.66233e-08  8.78049e-08  8.01371e-08    7.223e-08  5.98607e-08  4.91636e-08  4.20171e-08  3.65704e-08  3.21335e-08  2.87356e-08  2.57013e-08
    0.125759  1.06887e+12      206.862  9.63082e-07  6.07325e-07  4.19974e-07  3.01679e-07  2.32224e-07  1.84879e-07   1.4887e-07  1.25039e-07   1.0966e-07  9.65519e-08  8.39761e-08   7.4563e-08  6.27371e-08  5.35142e-08  4.60526e-08  4.17347e-08  3.83823e-08  3.30624e-08  2.89975e-08  2.62807e-08
    0.141876  1.06712e+12      205.593  1.02956e-06  5.77937e-07  3.91272e-07  2.83714e-07    2.054e-07  1.59156e-07   1.3485e-07  1.19295e-07  1.06537e-07  9.22257e-08  7.88989e-08  6.83752e-08  5.91738e-08  5.19236e-08  4.82192e-08   4.3329e-08  3.83755e-08  3.45219e-08  3.09927e-08  2.82568e-08
    0.152749  1.06792e+12      204.869  9.70441e-07  5.20308e-07  3.26421e-07  2.36632e-07  1.88914e-07  1.57623e-07  1.42106e-07  1.27872e-07  1.06629e-07  8.88804e-08  7.54918e-08  6.84093e-08  5.98508e-08  5.30812e-08  4.79076e-08  4.35424e-08  3.94702e-08  3.58433e-08  3.25633e-08  2.93746e-08
    0.169252  1.07562e+12      204.167  8.31091e-07  4.53529e-07  3.13476e-07  2.55526e-07    2.074e-07  1.69151e-07  1.48488e-07    1.253e-07  1.07126e-07  8.86003e-08  7.68987e-08  7.07415e-08  6.47951e-08  5.62216e-08  4.97633e-08  4.47912e-08  4.00005e-08  3.69733e-08  3.30069e-08  2.95052e-08
    0.180385   1.0797e+12      203.627  8.26593e-07  4.49359e-07  3.25335e-07  2.64572e-07  2.14968e-07    1.807e-07  1.50808e-07  1.21748e-07  1.04329e-07  9.28313e-08  8.29866e-08   7.5603e-08  6.89836e-08  5.78903e-08  5.03993e-08  4.44586e-08  3.98487e-08  3.72714e-08  3.39473e-08  2.99168e-08
    0.197284  1.07916e+12      202.355  7.77643e-07  4.57972e-07  3.41368e-07  2.82306e-07   2.2357e-07   1.7946e-07  1.51216e-07  1.32242e-07  1.13801e-07   1.0153e-07  9.26214e-08  8.28853e-08  6.97551e-08  5.75067e-08  5.03902e-08   4.5873e-08  4.23823e-08   3.8773e-08  3.50653e-08  3.06566e-08
    0.214425  1.08244e+12       201.31  7.76195e-07  4.95245e-07   3.6412e-07  2.89336e-07  2.40356e-07   1.9984e-07  1.64191e-07   1.3955e-07  1.19223e-07  1.04999e-07  9.50316e-08  7.99459e-08  6.72309e-08  5.76391e-08  5.25938e-08  4.93121e-08  4.39997e-08  4.01429e-08  3.67015e-08  3.23124e-08
    0.225988  1.08484e+12      200.603   8.0813e-07   5.3144e-07  4.03007e-07  3.19597e-07  2.56561e-07  2.09317e-07  1.69444e-07  1.38763e-07  1.17413e-07  1.01293e-07  9.21233e-08  8.04156e-08  6.81115e-08  6.03235e-08  5.64805e-08  5.09596e-08  4.52829e-08  4.18777e-08  3.72704e-08  3.07337e-08
     0.24354  1.08921e+12      199.585  8.93746e-07  6.24715e-07  4.73735e-07  3.16742e-07  2.37843e-07  1.90707e-07  1.56992e-07  1.31346e-07  1.13413e-07  1.02724e-07  9.39036e-08  8.33592e-08  7.22908e-08  6.43062e-08  5.98751e-08  5.24548e-08  4.70716e-08  4.07117e-08  3.43001e-08  3.06021e-08
    0.261343   1.0983e+12      198.817  8.32212e-07  5.60912e-07  3.84464e-07  3.06897e-07  2.42198e-07  1.90441e-07  1.59005e-07  1.35164e-07  1.16684e-07  1.08051e-07  1.00927e-07  8.80993e-08  7.67108e-08  6.69384e-08  5.92701e-08  5.14143e-08  4.40352e-08  3.89387e-08   3.4359e-08  2.97384e-08
    0.273353  1.10277e+12      198.196  7.95484e-07  5.47347e-07  3.99478e-07  3.07401e-07  2.43779e-07   1.9589e-07  1.64283e-07  1.39615e-07  1.23326e-07  1.15846e-07  1.07066e-07  8.69892e-08  7.40001e-08   6.7419e-08  5.81705e-08  4.96159e-08  4.43316e-08  3.84268e-08  3.20489e-08  2.75937e-08
    0.291583   1.1135e+12      197.475  7.72381e-07   5.4123e-07  3.86371e-07  3.01332e-07  2.45017e-07  2.04965e-07  1.78083e-07  1.51342e-07  1.32323e-07  1.15459e-07  1.03272e-07   8.7474e-08  7.63882e-08  6.78247e-08   5.7758e-08  4.69983e-08  4.03294e-08  3.53343e-08  3.09324e-08  2.71121e-08
    0.310074  1.09827e+12      195.195  7.24373e-07  5.36018e-07  4.04318e-07  3.12602e-07  2.49432e-07  2.17082e-07  1.91311e-07  1.63208e-07  1.43087e-07  1.24538e-07  1.06659e-07  9.05278e-08   7.6519e-08  6.35373e-08  5.35801e-08  4.66082e-08  4.08244e-08  3.55314e-08  3.17156e-08  2.70695e-08
     0.32883  1.09569e+12       193.64  7.03527e-07  5.20157e-07   4.1998e-07  3.28594e-07  2.65917e-07  2.27735e-07  1.96588e-07  1.74347e-07  1.54684e-07  1.26431e-07  1.04265e-07  8.88473e-08  7.41595e-08  6.22658e-08  5.37742e-08  4.57638e-08  3.96166e-08  3.40716e-08  2.90913e-08  2.46426e-08
    0.347854  1.09573e+12      192.232  6.81367e-07  5.30272e-07  4.43607e-07  3.51554e-07  2.95651e-07  2.51272e-07  2.14431e-07  1.74774e-07  1.41332e-07  1.22011e-07   1.0844e-07  8.52388e-08    7.117e-08  6.19233e-08  5.17791e-08  4.38518e-08   3.7304e-08  3.16639e-08  2.62785e-08  2.31126e-08
    0.360688  1.09758e+12      191.391  7.24988e-07  5.98154e-07  4.61779e-07  3.59442e-07  2.89111e-07  2.41769e-07  2.06193e-07  1.71124e-07  1.39646e-07  1.23828e-07  1.05995e-07  8.50057e-08   6.9347e-08  5.98745e-08  5.09473e-08  4.21915e-08  3.55247e-08  3.02509e-08  2.63131e-08  2.28665e-08
    0.380168   1.0963e+12      189.874  8.04029e-07  5.70019e-07   4.3081e-07  3.58009e-07  2.89611e-07  2.34944e-07  1.92668e-07  1.55073e-07  1.36318e-07  1.22884e-07  9.99916e-08  7.65372e-08  6.53831e-08  5.60003e-08  4.72088e-08  3.99199e-08  3.42658e-08  2.91535e-08  2.59853e-08    2.313e-08
    0.399927    1.083e+12      187.649  8.77764e-07   6.2143e-07  4.70361e-07  3.64719e-07  2.73614e-07  2.09056e-07  1.76701e-07  1.58263e-07  1.29492e-07  1.10475e-07  9.33418e-08  7.76586e-08  6.41013e-08  5.32997e-08  4.40875e-08  3.82207e-08  3.38524e-08  2.98133e-08  2.68988e-08  2.39533e-08
    0.419969  1.06952e+12      185.403  8.91925e-07  6.25702e-07  4.74662e-07  3.53939e-07  2.69615e-07   2.1061e-07  1.82453e-07  1.55288e-07   1.3234e-07   1.0816e-07  8.33461e-08  6.83947e-08  6.17088e-08  5.32899e-08  4.54406e-08  3.96439e-08  3.45978e-08  3.12834e-08  2.78422e-08  2.51951e-08
    0.440298  1.03853e+12      182.122  9.07777e-07  6.46279e-07  4.66256e-07   3.3581e-07  2.68923e-07  2.19613e-07  1.80142e-07  1.34925e-07  1.07927e-07  9.14764e-08  8.34361e-08   7.4582e-08  6.72712e-08  5.78811e-08  4.98392e-08  4.20497e-08  3.69758e-08   3.2618e-08  2.99943e-08  2.67452e-08
    0.460918  1.01932e+12      179.523  8.93858e-07  6.14338e-07  4.35876e-07  3.42228e-07  2.55205e-07  1.94988e-07  1.57107e-07  1.31965e-07  1.12182e-07  9.84826e-08  8.80451e-08  7.60463e-08  7.01851e-08  5.95332e-08  4.98239e-08  4.35861e-08  3.92862e-08  3.53804e-08  3.11283e-08  2.76466e-08
    0.481833  1.00676e+12      177.304  8.20987e-07  5.70339e-07  4.11318e-07  3.20374e-07  2.46875e-07  2.01275e-07  1.62546e-07  1.37516e-07  1.19755e-07  1.10241e-07  8.83558e-08  7.67683e-08  6.98167e-08  6.38436e-08  5.27845e-08  4.41533e-08  3.97467e-08  3.76832e-08  3.27943e-08  2.93552e-08
    0.503048  9.88828e+11      174.759  7.62508e-07  5.52618e-07  4.33821e-07  3.48828e-07  2.74192e-07  2.21065e-07  1.82495e-07  1.54526e-07  1.27945e-07  1.02979e-07  8.74932e-08  7.78276e-08  7.02477e-08  6.69514e-08    5.883e-08  4.99064e-08  4.17137e-08  3.69559e-08  3.56902e-08  3.11387e-08
    0.524566  9.54098e+11      171.202  8.12276e-07  5.88396e-07  4.43818e-07  3.47379e-07  2.73743e-07  2.32899e-07  2.01727e-07  1.65856e-07  1.35845e-07  1.07362e-07  9.06941e-08  8.05014e-08  7.50486e-08  6.84293e-08  6.25769e-08  5.34771e-08  4.72547e-08  4.10648e-08  3.53013e-08  3.39234e-08
    0.546392  9.38321e+11      168.771  9.06184e-07  6.37441e-07  4.72134e-07  3.63777e-07   2.9211e-07  2.42549e-07  2.03478e-07  1.70486e-07  1.39924e-07  1.16711e-07  9.76291e-08  8.39805e-08   7.4995e-08  7.08287e-08  6.50625e-08  5.69881e-08   4.8908e-08  4.15909e-08  3.69454e-08  3.49642e-08
    0.575981  9.30425e+11      166.307  9.67941e-07  7.33678e-07  5.40541e-07   3.8811e-07   2.9927e-07  2.40744e-07  2.08745e-07  1.78091e-07  1.45908e-07  1.22493e-07  1.05636e-07  9.52309e-08  9.33031e-08  8.17881e-08  6.96757e-08  5.58707e-08   4.6685e-08  4.03501e-08  3.62379e-08   3.3501e-08
    0.598543  8.82122e+11      161.897   1.0116e-06  7.92023e-07  5.74574e-07  4.17295e-07  3.21497e-07  2.52637e-07  2.11627e-07  1.80721e-07  1.51276e-07  1.31431e-07  1.17579e-07  1.14299e-07  9.97115e-08   8.3124e-08   6.6975e-08  5.54256e-08  4.55165e-08  4.04135e-08  3.75699e-08  3.47528e-08
    0.621429   8.7554e+11      160.011  1.14668e-06  7.95898e-07  5.56476e-07  4.21265e-07  3.23868e-07  2.63165e-07  2.27464e-07  2.14961e-07  1.81541e-07    1.633e-07  1.30901e-07  1.14055e-07  8.92721e-08  6.58335e-08  5.74549e-08  5.04471e-08  4.61626e-08  4.26613e-08  3.91916e-08  3.64502e-08
    0.644642  8.67139e+11      158.011  1.12305e-06  7.86179e-07  5.81705e-07  4.22565e-07  3.44492e-07  2.91155e-07  2.50714e-07  2.18954e-07  1.68983e-07  1.34262e-07  1.05069e-07  8.84627e-08  7.47004e-08  6.58673e-08  5.81052e-08  5.23276e-08  4.79183e-08  4.48096e-08  4.16225e-08  3.86602e-08
     0.67611  8.57674e+11      155.448  1.18679e-06  8.33799e-07  6.41974e-07   4.9879e-07  3.51442e-07   2.6067e-07  2.04649e-07  1.67982e-07  1.35971e-07  1.14981e-07  9.89425e-08  8.72398e-08    7.925e-08  7.25026e-08  6.45825e-08  5.84913e-08   5.3452e-08   4.9765e-08   4.6535e-08  4.31099e-08
    0.700106  8.53408e+11      153.697  1.16328e-06  8.46982e-07  6.79658e-07  4.78966e-07  3.59914e-07  2.70088e-07  2.14098e-07  1.75358e-07  1.44912e-07  1.25193e-07  1.09379e-07  9.67723e-08  8.79427e-08  7.92686e-08  7.14844e-08  6.39373e-08  5.87098e-08  5.39086e-08  5.09224e-08  4.72713e-08
    0.732636  8.51825e+11      151.606  1.06322e-06  9.09326e-07  7.12317e-07  4.81505e-07  3.62419e-07  3.16808e-07  2.53164e-07  2.16211e-07  1.83094e-07  1.51084e-07  1.27166e-07  1.11569e-07   1.0202e-07   9.2172e-08  8.16156e-08  7.37322e-08  6.77691e-08  6.30164e-08  5.90493e-08  5.43402e-08
    0.757441  8.55256e+11        150.3  9.97213e-07  6.85174e-07  4.99746e-07  4.09038e-07  3.73091e-07  3.19541e-07  2.71437e-07  2.40504e-07  2.03725e-07  1.71212e-07   1.4679e-07  1.26302e-07  1.13527e-07   1.0325e-07  9.10086e-08  8.35261e-08  7.69994e-08  7.20608e-08  6.63113e-08  6.01931e-08
    0.791068  8.58503e+11      148.476  9.58306e-07  6.59841e-07  5.09387e-07  4.28778e-07  3.43446e-07  2.84764e-07  2.64736e-07  2.33306e-07  2.17262e-07  1.95476e-07  1.65664e-07  1.45376e-07  1.27209e-07  1.17292e-07  1.06077e-07  9.63995e-08  8.50374e-08  7.62249e-08  6.58361e-08  5.44529e-08
     0.81671  8.45224e+11      146.191  8.84652e-07  6.64392e-07  5.31253e-07   4.3362e-07  3.73159e-07  3.01229e-07  2.58169e-07  2.52843e-07  2.27585e-07  1.99039e-07  1.73898e-07  1.54665e-07  1.35059e-07  1.19059e-07  1.09593e-07   9.4649e-08  8.31367e-08  6.88832e-08  5.38403e-08  4.56817e-08
    0.851471  7.73468e+11       139.98  9.26884e-07  6.81839e-07  5.64067e-07  4.72033e-07  4.06707e-07  3.61092e-07  3.07091e-07  2.89934e-07  2.62141e-07  2.21881e-07  1.90194e-07  1.57364e-07  1.35676e-07  1.12379e-07  9.50169e-08  7.55984e-08  6.07112e-08  5.13447e-08  4.33775e-08  3.68748e-08
    0.886897   7.5408e+11      136.856  9.22223e-07  8.25732e-07  7.02203e-07  5.87848e-07  5.09011e-07  4.42535e-07  3.62951e-07  2.87654e-07  2.38525e-07  1.86839e-07  1.55153e-07  1.24083e-07  9.17871e-08   6.9644e-08  4.98306e-08  3.58501e-08  2.72415e-08  2.23656e-08  2.04366e-08  1.80859e-08
    0.923001  7.32267e+11      133.604  1.31108e-06   1.0512e-06  8.69732e-07   6.8684e-07  5.64796e-07  4.13996e-07  2.76244e-07  1.84756e-07  1.48513e-07  1.02599e-07  7.72039e-08  6.11367e-08  4.95157e-08  4.23011e-08   3.6493e-08     3.23e-08  2.80489e-08  2.45572e-08   1.9523e-08  1.43017e-08
    0.950531   7.1981e+11      131.409   1.5623e-06  1.22637e-06  8.95392e-07  4.90361e-07   3.2679e-07  2.31881e-07   1.6739e-07  1.35027e-07  1.10253e-07  9.02058e-08  7.24392e-08  5.99486e-08  5.22738e-08  4.50434e-08  3.86421e-08  3.28982e-08  2.43134e-08  2.16226e-08  1.95722e-08  1.68625e-08
    0.987853  7.07337e+11      128.746  1.55692e-06  9.80942e-07  6.11737e-07  3.99778e-07  2.97795e-07  2.35519e-07  1.80626e-07  1.43277e-07  1.16816e-07  1.00447e-07  7.93533e-08  5.89498e-08  4.58322e-08   3.8501e-08  3.33872e-08  2.96486e-08  2.64263e-08  2.32011e-08  2.04594e-08  1.81823e-08
     1.03551  6.69548e+11      124.088  9.75393e-07  7.07398e-07  6.09308e-07  5.74638e-07  5.47067e-07  4.12258e-07  3.41454e-07  2.98569e-07  2.33915e-07  1.80881e-07  1.07342e-07  7.48022e-08  6.17374e-08  5.12077e-08  4.28618e-08  3.63486e-08  3.04605e-08  2.64349e-08  2.34135e-08  2.14583e-08
     1.07446  6.31405e+11       119.87  1.09974e-06  7.90134e-07  6.58091e-07  5.20517e-07  3.68355e-07  3.12682e-07   2.3935e-07  1.89324e-07  1.62089e-07  1.47335e-07  1.21136e-07  1.15141e-07  9.83998e-08  9.49201e-08  9.53426e-08  7.21149e-08  5.16518e-08  3.98514e-08  3.25006e-08  2.80808e-08
     1.11415  4.48662e+11      105.353  1.23187e-06  1.02298e-06  8.98646e-07  6.19366e-07  4.27307e-07  3.23977e-07  2.37581e-07  1.94748e-07  1.59133e-07  1.28526e-07  1.09093e-07  9.53977e-08  9.61834e-08  8.19964e-08  7.87777e-08  8.50079e-08  1.12261e-07  6.87809e-08  6.01138e-08  6.16885e-08
      1.1546  3.94687e+11      99.4024  1.48823e-06  1.13431e-06  7.38519e-07  5.25099e-07  3.87133e-07  2.94809e-07  2.51029e-07  1.99757e-07  1.70219e-07  1.42244e-07  1.17853e-07  9.82847e-08  8.46008e-08   7.2689e-08  6.47767e-08  5.67485e-08  5.93843e-08  6.43112e-08  6.47361e-08  5.91339e-08
     1.20626  3.79568e+11      96.2291  1.29174e-06  9.01659e-07  6.56901e-07  4.56139e-07  3.59506e-07  2.97952e-07  2.60263e-07  1.99432e-07  1.70418e-07  1.51174e-07  1.20068e-07  1.01084e-07  8.99081e-08  7.85201e-08  7.10805e-08  6.27019e-08  5.64703e-08  5.22447e-08  4.67803e-08  4.12616e-08
     1.24847  3.71642e+11      94.0623  1.23782e-06  8.43543e-07  6.77825e-07  5.21659e-07  3.95156e-07  3.04127e-07  2.41233e-07  1.94022e-07  1.80857e-07  1.56949e-07  1.28261e-07   1.1017e-07  9.62679e-08  8.31952e-08  7.29614e-08  6.36467e-08  5.92339e-08   5.4731e-08  4.73181e-08  4.17534e-08
     1.30238  3.64051e+11      91.5757  1.27716e-06  8.75597e-07  6.46964e-07  5.12306e-07  4.05363e-07  3.38995e-07  2.90664e-07  2.45594e-07  1.91506e-07  1.53788e-07  1.25255e-07  1.09753e-07  9.45613e-08  8.42811e-08  7.74742e-08  7.13068e-08  6.10237e-08  5.13085e-08  4.19017e-08   3.6076e-08
     1.35758  3.64118e+11      89.7605  1.46034e-06  1.04461e-06   7.9958e-07  6.16167e-07  4.62273e-07  3.69814e-07  2.90238e-07  2.35734e-07  1.85614e-07  1.56209e-07  1.31935e-07  1.12492e-07  9.61075e-08  8.56672e-08  7.73731e-08  6.33594e-08  5.26204e-08  4.10854e-08  3.47667e-08  3.09223e-08
      1.4141  3.60647e+11      87.6769  1.57945e-06  1.02797e-06  7.60063e-07  6.13472e-07  4.62298e-07  3.72052e-07   2.9724e-07  2.38395e-07  1.91427e-07  1.53741e-07  1.26993e-07  1.06342e-07  8.72994e-08  7.05545e-08  5.83067e-08  4.28901e-08  3.65436e-08  3.09974e-08  2.80546e-08   2.5527e-08
     1.47197  3.49933e+11      85.0384  1.59186e-06  1.06829e-06  7.58162e-07  5.55527e-07  4.19518e-07  3.26634e-07  2.53499e-07  1.96888e-07  1.62332e-07  1.32186e-07  1.05683e-07  8.79725e-08  7.43783e-08  6.17336e-08  5.19443e-08  4.60585e-08  3.99086e-08  3.61634e-08  3.21105e-08  2.80769e-08
     1.53124  3.39371e+11      82.4488   1.6957e-06  1.01687e-06  6.80721e-07  5.16533e-07  4.20082e-07    3.549e-07   2.5082e-07  1.95768e-07  1.64397e-07  1.36537e-07  1.14381e-07   9.7378e-08  8.32143e-08  7.06032e-08  6.21334e-08  5.32539e-08  4.55533e-08  3.52422e-08  2.93928e-08  2.51153e-08
     1.60423  3.12942e+11      78.2597  2.14273e-06  1.57796e-06  9.93223e-07  6.46028e-07  4.56794e-07   3.7179e-07  2.84145e-07  2.30167e-07  1.88594e-07  1.65345e-07  1.35679e-07  1.14516e-07  9.44312e-08   7.7126e-08    6.185e-08  4.93235e-08  4.21013e-08  3.64651e-08  2.91529e-08  2.52739e-08
     1.66667  2.99568e+11      75.5195  1.80299e-06  1.31138e-06  9.40767e-07  7.06778e-07  5.09767e-07  3.79253e-07  2.89465e-07  2.37757e-07  1.93343e-07  1.52704e-07  1.20303e-07  1.05036e-07  8.97602e-08  7.29057e-08  6.23623e-08  5.28877e-08  4.38668e-08  3.84542e-08  3.28407e-08  2.83546e-08
     1.74357  2.83618e+11      72.2876    1.801e-06  1.26942e-06   8.2311e-07  5.91449e-07  4.48422e-07  3.30713e-07  2.77761e-07  2.26477e-07  1.78951e-07  1.51565e-07  1.22021e-07    1.035e-07  8.18438e-08   7.0548e-08  6.12485e-08  5.57419e-08  4.88141e-08   4.4082e-08  3.94952e-08  3.67356e-08
     1.82269  2.66138e+11      68.9736  1.44279e-06  9.22083e-07  6.59659e-07  5.11933e-07  4.10716e-07  3.18902e-07    2.642e-07  2.15984e-07  1.81845e-07  1.49668e-07  1.23435e-07  1.07654e-07  9.46192e-08  8.52522e-08    7.364e-08  6.39168e-08  5.49875e-08  4.95899e-08  4.34612e-08    3.974e-08
     1.90409  2.49189e+11      65.7491  1.58867e-06  1.02252e-06  6.46385e-07  5.23834e-07  4.24388e-07  3.44837e-07  3.11269e-07  2.42622e-07  1.91985e-07    1.627e-07  1.43219e-07  1.28492e-07  1.12877e-07  9.88539e-08  8.96269e-08  7.78623e-08  6.54697e-08  5.24844e-08  4.70079e-08  3.97076e-08
