# Number of radial bins
20
# Edges of radial bins in units of R200c [%d floats]
         0.2         0.25          0.3         0.35          0.4         0.45          0.5         0.55          0.6         0.65          0.7         0.75          0.8         0.85          0.9         0.95            1         1.05          1.1         1.15          1.2
# Number of redshifts
66
# Redshift [float] M200c in Msun [float] R200c in kpc [float] Magnetic field strength in bins in muG [20 floats]
 2.22045e-16  2.81665e+11      138.177  5.09093e-07  2.08788e-07   8.4045e-08  5.07549e-08  4.10283e-08  3.50049e-08  2.98374e-08  2.66993e-08  2.39836e-08   2.1651e-08  2.01758e-08  1.92178e-08   1.8381e-08  1.71144e-08  1.62105e-08  1.56113e-08  1.48539e-08  1.38053e-08  1.29672e-08  1.18039e-08
  0.00952167  2.80483e+11      137.584    5.309e-07  2.18083e-07  7.84196e-08  5.08723e-08  4.14652e-08  3.51776e-08   3.0451e-08  2.77749e-08  2.49977e-08  2.25011e-08  2.10277e-08  1.96345e-08  1.84671e-08  1.70224e-08  1.63567e-08  1.55579e-08  1.45654e-08  1.35371e-08  1.24109e-08  1.15768e-08
   0.0239744  2.77873e+11      136.536    5.234e-07  2.14689e-07   7.7852e-08  5.48824e-08  4.56606e-08  3.81123e-08  3.34178e-08  2.93854e-08   2.5819e-08  2.28388e-08  2.08439e-08  1.97861e-08  1.76725e-08  1.67242e-08  1.60487e-08  1.56489e-08  1.43792e-08  1.33444e-08  1.26993e-08  1.18222e-08
   0.0337244  2.76557e+11      135.896  5.09035e-07  1.90889e-07  8.31039e-08  5.82068e-08  4.74801e-08   4.0456e-08  3.39496e-08   2.8665e-08    2.525e-08  2.28295e-08  2.08164e-08   1.9141e-08  1.76201e-08  1.69506e-08  1.64292e-08  1.53455e-08  1.45159e-08  1.38501e-08   1.2864e-08  1.17988e-08
   0.0485236  2.71395e+11      134.405  4.75844e-07  2.07069e-07  1.03696e-07  6.40564e-08  5.07003e-08  3.95362e-08  3.31086e-08  2.84582e-08  2.58224e-08  2.34472e-08  2.12262e-08  2.01082e-08  1.85336e-08  1.76076e-08   1.6908e-08  1.59528e-08  1.48462e-08  1.39273e-08  1.28348e-08   1.1899e-08
   0.0585073  2.64546e+11      132.842  5.61565e-07  2.25838e-07  1.12047e-07  7.18154e-08  5.24673e-08  4.06655e-08  3.46357e-08  2.96106e-08  2.65562e-08  2.47548e-08  2.25948e-08  2.09021e-08  1.91544e-08  1.81132e-08  1.72047e-08  1.58203e-08   1.4918e-08  1.39279e-08  1.29463e-08  1.20139e-08
   0.0736614  2.60711e+11      131.537  5.84751e-07   2.5909e-07  1.29283e-07  8.07334e-08  5.95498e-08  4.56845e-08  3.64466e-08  3.23038e-08  2.94409e-08  2.58512e-08  2.32813e-08  2.10069e-08  1.95321e-08  1.85224e-08  1.70212e-08  1.56125e-08  1.47549e-08  1.37025e-08   1.2898e-08  1.19038e-08
   0.0838844  2.59538e+11      130.892  6.10717e-07  2.75805e-07  1.45556e-07  8.75961e-08  6.32834e-08  4.75871e-08   3.8629e-08  3.31583e-08   2.9192e-08  2.61331e-08  2.35185e-08  2.13583e-08  1.99376e-08  1.84196e-08  1.67667e-08  1.56929e-08  1.47968e-08  1.38133e-08  1.30351e-08  1.21081e-08
   0.0994018  2.58517e+11      130.049  6.35714e-07  3.09593e-07  1.51003e-07  8.80332e-08  5.81378e-08  4.70464e-08  3.92667e-08  3.42245e-08  2.99901e-08   2.6578e-08  2.38735e-08  2.17991e-08  2.04047e-08  1.84667e-08   1.7052e-08  1.60107e-08  1.50417e-08  1.40373e-08  1.33787e-08  1.23828e-08
     0.10987  2.59305e+11      129.722  5.73222e-07   2.8041e-07  1.37398e-07  8.06954e-08  5.77261e-08  4.89536e-08  4.13698e-08  3.47706e-08  3.02971e-08   2.6679e-08  2.40544e-08  2.22849e-08   2.0575e-08  1.86061e-08  1.71335e-08  1.59919e-08  1.52172e-08    1.457e-08  1.35202e-08  1.21835e-08
    0.125759  2.60013e+11      129.137   5.2886e-07  2.58033e-07  1.30549e-07  8.17929e-08  6.00074e-08  4.87939e-08  4.08418e-08  3.61386e-08  3.10036e-08  2.74623e-08  2.49568e-08   2.2806e-08  2.09359e-08  1.87777e-08  1.72506e-08  1.65787e-08  1.57445e-08  1.45202e-08  1.32843e-08   1.2023e-08
    0.141876  2.59454e+11      128.326  4.55639e-07  2.00129e-07  1.15474e-07  8.16993e-08  6.50452e-08  5.08414e-08   4.2732e-08  3.76901e-08  3.25368e-08  2.89325e-08   2.5448e-08  2.30931e-08  2.14229e-08  1.93081e-08  1.72889e-08  1.64697e-08  1.54847e-08  1.44214e-08  1.33173e-08  1.17907e-08
    0.152749  2.58567e+11      127.687  4.28986e-07  2.05303e-07  1.27586e-07  9.19738e-08  6.66934e-08  5.31974e-08  4.58406e-08  3.93578e-08  3.40836e-08  2.94003e-08  2.59609e-08  2.29536e-08  2.09029e-08  1.89799e-08  1.75468e-08  1.66338e-08  1.54345e-08     1.45e-08  1.30195e-08  1.16394e-08
    0.169252  2.57628e+11      126.799  5.06651e-07  2.36199e-07  1.41149e-07  1.00906e-07  7.11256e-08  5.64046e-08  4.86693e-08  4.11435e-08  3.36234e-08  2.86724e-08  2.49835e-08  2.26424e-08   2.1021e-08  1.95685e-08  1.82141e-08  1.66367e-08  1.53068e-08  1.41727e-08  1.29909e-08  1.13027e-08
    0.180385  2.56147e+11      126.054  5.43129e-07  2.49698e-07  1.44914e-07  9.75524e-08  7.01479e-08   5.7163e-08  4.65557e-08   3.8986e-08  3.26545e-08  2.82996e-08  2.51897e-08  2.30766e-08  2.14466e-08  1.99016e-08  1.82833e-08  1.69389e-08  1.54542e-08  1.42325e-08  1.27334e-08  1.13211e-08
    0.197284  2.53943e+11      124.926  4.99134e-07  2.36004e-07  1.23582e-07  8.38722e-08  6.58803e-08  5.48034e-08  4.48171e-08  3.84242e-08  3.31716e-08   2.9497e-08  2.57969e-08  2.37846e-08  2.20013e-08  2.01843e-08  1.89021e-08  1.74092e-08  1.55979e-08  1.42971e-08  1.25921e-08  1.14201e-08
    0.214425   2.5216e+11      123.861    4.434e-07  2.24586e-07   1.2578e-07  8.56264e-08  6.72211e-08  5.60921e-08  4.62929e-08  4.02543e-08  3.48866e-08  3.01958e-08  2.69304e-08   2.4408e-08  2.27304e-08  2.14507e-08  1.96705e-08  1.74647e-08  1.60639e-08  1.42283e-08  1.25893e-08  1.14833e-08
    0.225988  2.50857e+11       123.13  4.80251e-07  2.45635e-07  1.35801e-07  8.96447e-08  7.07912e-08  5.79779e-08  4.77827e-08  4.00566e-08  3.59532e-08  3.12021e-08  2.78091e-08  2.56109e-08  2.37504e-08  2.17599e-08  1.93155e-08  1.75485e-08  1.62753e-08  1.43894e-08  1.27136e-08  1.11453e-08
     0.24354  2.49506e+11      122.114  5.17091e-07  2.53558e-07  1.46824e-07  9.80476e-08  7.75363e-08  6.06213e-08  4.99125e-08   4.2396e-08  3.79801e-08   3.3636e-08  3.00246e-08   2.7836e-08  2.39944e-08  2.12746e-08  1.90735e-08  1.74014e-08  1.62802e-08  1.44763e-08  1.22752e-08  1.06907e-08
    0.261343  2.48571e+11      121.156  5.20735e-07  2.62591e-07  1.53602e-07  1.06115e-07   7.8286e-08  6.38706e-08  5.29806e-08  4.69222e-08  4.06708e-08  3.56474e-08  3.26884e-08  2.88609e-08  2.46352e-08  2.07793e-08  1.84124e-08   1.7185e-08  1.60348e-08  1.40671e-08  1.20431e-08  1.06764e-08
    0.273353  2.48986e+11      120.684  5.31185e-07   2.7598e-07   1.5295e-07  1.09095e-07  8.20367e-08   6.4625e-08  5.46645e-08  4.86537e-08  4.29328e-08  3.64368e-08  3.32545e-08  2.82404e-08  2.43568e-08   2.0444e-08  1.82375e-08   1.6982e-08  1.59665e-08  1.42352e-08   1.2326e-08  1.06173e-08
    0.291583  2.49279e+11      119.906   6.0297e-07  2.87446e-07  1.71341e-07  1.13202e-07  8.15038e-08  6.76717e-08  5.75779e-08  4.98889e-08   4.2846e-08  3.67002e-08  3.20267e-08  2.84253e-08  2.48938e-08  2.13821e-08  1.92571e-08  1.75313e-08  1.60995e-08  1.45771e-08  1.21251e-08  1.03204e-08
    0.310074  2.48791e+11      118.989  6.56269e-07  3.10121e-07  1.76566e-07  1.16407e-07  8.59082e-08  6.90739e-08  5.74352e-08  5.03641e-08  4.38563e-08  3.84426e-08  3.31686e-08  2.95093e-08  2.58397e-08  2.22848e-08  2.00778e-08  1.81812e-08  1.63705e-08  1.38162e-08  1.17286e-08  1.01132e-08
     0.32883  2.48773e+11      118.136  6.54372e-07  2.91727e-07  1.74238e-07  1.21006e-07  9.22136e-08  7.34211e-08  6.03076e-08  5.21015e-08  4.66304e-08  4.00842e-08  3.46226e-08  3.09524e-08  2.67798e-08  2.32115e-08  2.03591e-08   1.8256e-08  1.54257e-08  1.30287e-08  1.11624e-08  9.78541e-09
    0.347854  2.48088e+11      117.163  6.27556e-07  3.20357e-07  1.92367e-07  1.39471e-07  1.07749e-07  8.37016e-08   6.8142e-08  5.76267e-08  5.04686e-08  4.23346e-08  3.62767e-08  3.15748e-08  2.63652e-08  2.31528e-08  1.97757e-08  1.62726e-08  1.42275e-08  1.27342e-08   1.1508e-08  1.03392e-08
    0.360688  2.46457e+11      116.332  6.87928e-07  3.43012e-07  2.10645e-07  1.55028e-07  1.16767e-07  9.06048e-08  7.32886e-08   6.1558e-08  5.07282e-08  4.34326e-08  3.60829e-08  3.08713e-08  2.59468e-08  2.21383e-08  1.89284e-08  1.59104e-08  1.44244e-08  1.31582e-08  1.21283e-08  1.08357e-08
    0.380168  2.44758e+11      115.184  7.42844e-07  3.99079e-07  2.27808e-07  1.67032e-07  1.21874e-07  9.39159e-08  7.64135e-08  6.14304e-08  5.03973e-08  4.09863e-08   3.5156e-08  3.04968e-08  2.58704e-08  2.18417e-08  1.88301e-08  1.69133e-08   1.5409e-08  1.38576e-08  1.25162e-08  1.10367e-08
    0.399927  2.43397e+11       114.09   7.1933e-07  3.36729e-07  2.22976e-07  1.63764e-07  1.17283e-07  8.61345e-08  6.82671e-08  5.98485e-08  5.06865e-08  4.23637e-08  3.64713e-08  3.12275e-08  2.56991e-08  2.21604e-08  1.97917e-08  1.75159e-08  1.55593e-08  1.36205e-08  1.21588e-08  1.09417e-08
    0.419969  2.40948e+11      112.814  5.85544e-07  3.24309e-07  2.07609e-07  1.54277e-07  1.17603e-07  9.27644e-08  7.53833e-08  6.55599e-08  5.70061e-08  4.43805e-08  3.62521e-08  2.94498e-08  2.47472e-08  2.19674e-08  1.94542e-08  1.70182e-08  1.50806e-08  1.32509e-08  1.17064e-08  1.02547e-08
    0.440298  2.34912e+11      110.966  7.09181e-07  4.16455e-07  2.35548e-07  1.66101e-07  1.27947e-07  9.95551e-08  8.43267e-08  6.85415e-08  5.32564e-08  4.25667e-08  3.37933e-08  2.83071e-08  2.44577e-08  2.10579e-08  1.82267e-08  1.61608e-08  1.43345e-08  1.28906e-08  1.17935e-08   1.0641e-08
    0.460918  2.32203e+11      109.639   7.8261e-07  4.51877e-07  2.70269e-07  1.79332e-07  1.27096e-07  9.55344e-08  7.15014e-08  5.87453e-08  4.61011e-08  3.67317e-08  3.11767e-08  2.71158e-08   2.3523e-08  2.03806e-08  1.77592e-08  1.60815e-08  1.47733e-08  1.34144e-08  1.22395e-08  1.09853e-08
    0.481833   2.3145e+11      108.612  8.87993e-07  4.54516e-07  2.47716e-07  1.52445e-07  1.08206e-07  7.69963e-08  5.79195e-08  4.68442e-08  4.10046e-08  3.53448e-08  3.11048e-08  2.78478e-08  2.47655e-08  2.11902e-08  1.87212e-08  1.67651e-08  1.51944e-08  1.36797e-08  1.24617e-08  1.15431e-08
    0.503048  2.30032e+11      107.475  7.26522e-07  3.50723e-07  2.12136e-07  1.27418e-07  9.35405e-08  7.09362e-08  5.72011e-08    4.808e-08  4.22006e-08  3.75816e-08    3.267e-08   2.8153e-08  2.42291e-08  2.21392e-08  2.03481e-08  1.75234e-08  1.55623e-08  1.42828e-08  1.28678e-08  1.18939e-08
    0.524566  2.29481e+11      106.474   8.4679e-07  4.34105e-07  2.26592e-07  1.38038e-07  1.02225e-07  7.92952e-08  6.45254e-08  5.26646e-08   4.5285e-08  4.02971e-08  3.32568e-08  2.85468e-08  2.56403e-08  2.30472e-08  2.12839e-08  1.93206e-08  1.72502e-08  1.50705e-08  1.35979e-08   1.2435e-08
    0.546392  2.31121e+11      105.796  9.43281e-07  4.99313e-07  2.45524e-07  1.51838e-07  1.17482e-07  9.07077e-08  6.92051e-08  5.74109e-08  4.88034e-08  4.15513e-08  3.51834e-08  3.01557e-08  2.79502e-08  2.56776e-08  2.25839e-08  2.07983e-08  1.86214e-08  1.62943e-08  1.48265e-08  1.33615e-08
    0.575981  2.34538e+11      105.057  8.50197e-07  4.14989e-07  2.34497e-07  1.54169e-07  1.10143e-07  8.38532e-08  7.60142e-08  6.81685e-08  5.61558e-08  4.72568e-08  4.08946e-08  3.56432e-08  3.25107e-08  2.88587e-08  2.61178e-08  2.33469e-08  2.02262e-08  1.79932e-08   1.6641e-08  1.47187e-08
    0.598543  2.36449e+11      104.388  7.24892e-07  4.17085e-07  2.60633e-07  1.87796e-07  1.34687e-07  9.67315e-08  7.81483e-08  6.96569e-08  6.67658e-08  5.63769e-08  4.71194e-08  3.92359e-08  3.58373e-08  3.20148e-08  2.95538e-08  2.59052e-08  2.23945e-08  1.99114e-08  1.77957e-08  1.59571e-08
    0.621429  2.38333e+11      103.701  7.67082e-07   4.5207e-07  2.99681e-07  1.95546e-07  1.37667e-07  1.10512e-07  9.37972e-08  7.51381e-08  6.22944e-08  5.68639e-08  5.25955e-08  4.75485e-08  4.03644e-08  3.72285e-08  3.30192e-08  2.86653e-08  2.52108e-08  2.20415e-08  1.91541e-08  1.72202e-08
    0.644642  2.39634e+11      102.924  7.03174e-07  4.14088e-07  2.54637e-07  1.65085e-07  1.27546e-07   1.1857e-07  1.01837e-07  9.48359e-08   7.8334e-08  6.50718e-08  5.80213e-08  5.30723e-08  4.72195e-08  3.95526e-08  3.48593e-08  3.07889e-08  2.71351e-08  2.29372e-08  1.99774e-08  1.76588e-08
     0.67611  2.41253e+11      101.855    5.936e-07  3.41417e-07  2.15898e-07  1.56761e-07  1.36356e-07  1.24719e-07  1.21155e-07  1.14827e-07  9.70442e-08  8.60106e-08  7.02231e-08  5.93887e-08  5.14597e-08  4.27124e-08  3.55923e-08  3.09752e-08  2.46933e-08  1.94045e-08  1.64779e-08  1.41182e-08
    0.700106  2.41557e+11      100.914  6.05112e-07  3.47174e-07  2.43452e-07  1.80988e-07  1.60828e-07  1.54845e-07  1.43527e-07  1.43854e-07  1.14927e-07  9.86115e-08  7.85949e-08  5.08948e-08   3.9948e-08   3.3893e-08  3.01463e-08  2.60208e-08  2.25014e-08  1.83675e-08  1.52394e-08  1.29851e-08
    0.732636  2.38397e+11      99.1666  6.53421e-07  4.85575e-07  3.50372e-07  2.53606e-07  1.97249e-07  1.86669e-07  1.74432e-07  1.23546e-07  9.41482e-08  7.89366e-08  6.95038e-08  5.33658e-08  4.30145e-08  3.56389e-08  2.70124e-08  2.09038e-08   1.6437e-08  1.37288e-08   1.1952e-08   1.0352e-08
    0.757441  2.34709e+11      97.6699  7.02667e-07  4.98134e-07  3.50536e-07  2.72257e-07  2.25928e-07  1.95156e-07  1.62565e-07  1.30019e-07  9.66766e-08  6.47451e-08  4.12922e-08  2.94774e-08  2.38763e-08  2.02283e-08  1.81479e-08  1.60183e-08   1.4624e-08  1.38218e-08  1.23935e-08  1.11857e-08
    0.791068  2.26583e+11      95.2356  7.18884e-07  4.86496e-07  2.83789e-07  1.88916e-07  1.33279e-07  1.04723e-07  8.52847e-08  6.49493e-08  4.66487e-08  3.72238e-08  3.13777e-08  2.69336e-08  2.39684e-08  2.21051e-08  2.03651e-08  1.85105e-08  1.64507e-08  1.46251e-08  1.32843e-08  1.14207e-08
     0.81671  2.19288e+11      93.2402  7.87564e-07  4.64568e-07  2.46279e-07  1.51615e-07   1.1564e-07  9.54081e-08  7.99999e-08  6.81903e-08  5.86208e-08   4.7308e-08   3.6978e-08  2.98236e-08  2.63824e-08  2.40539e-08  2.21621e-08  1.99786e-08  1.76874e-08   1.4955e-08  1.22675e-08  9.54789e-09
    0.851471  2.14156e+11      91.2327  5.80722e-07  3.12012e-07  2.04275e-07  1.53229e-07  1.21812e-07  1.10947e-07  8.97035e-08  7.37907e-08  6.10519e-08  4.91865e-08  4.04356e-08  3.48086e-08   2.9696e-08   2.7551e-08  2.60452e-08   2.0461e-08  1.48926e-08  1.25813e-08  1.11289e-08  9.86016e-09
    0.886897  2.05672e+11      88.7566  5.51438e-07  3.73028e-07  2.78259e-07   2.0967e-07  1.69691e-07  1.37742e-07   1.1269e-07  9.43328e-08   6.8485e-08  5.33143e-08  4.20462e-08  3.86569e-08  3.52838e-08  2.60448e-08  2.10406e-08  1.69222e-08  1.43408e-08   1.2021e-08  1.04978e-08  9.45415e-09
    0.923001  1.74802e+11      82.8784  6.64547e-07  4.38704e-07  3.11451e-07  2.31653e-07   1.7964e-07  1.53313e-07  1.22211e-07  9.80607e-08  7.80355e-08  6.21716e-08  5.02947e-08  3.97041e-08   3.0427e-08  2.38927e-08  1.90385e-08   1.6135e-08  1.51585e-08  1.32428e-08  1.11308e-08  9.25881e-09
    0.950531  1.61386e+11      79.8293  7.29795e-07  4.99183e-07   3.6255e-07  2.86262e-07  2.03592e-07  1.30622e-07   1.0896e-07    8.557e-08  6.46109e-08  5.16812e-08  3.76201e-08   3.1156e-08  2.71088e-08  2.48917e-08  2.05558e-08  1.64257e-08  1.40006e-08  1.24116e-08   1.1183e-08   9.9321e-09
    0.987853  1.28777e+11       72.969   8.1508e-07  5.07669e-07   3.9143e-07  2.53915e-07  1.70661e-07  1.17023e-07  9.35091e-08  6.74812e-08  4.95457e-08  4.13655e-08  3.46678e-08  2.97832e-08  2.58192e-08  2.24811e-08    2.126e-08  2.00291e-08  1.72734e-08  1.60548e-08  1.51947e-08  1.40296e-08
     1.03551  1.01149e+11      66.0902  1.00361e-06  6.02318e-07  3.84417e-07  2.56602e-07  1.67501e-07  1.19162e-07   8.7913e-08  6.87595e-08  5.75918e-08  4.77346e-08  4.10378e-08  3.59842e-08  3.14089e-08  2.80246e-08  2.54586e-08  2.24304e-08   1.9854e-08  1.81486e-08  1.71952e-08   1.5629e-08
     1.07446  9.72007e+10      64.2432  1.14543e-06  6.25924e-07  3.53194e-07  2.28864e-07  1.60896e-07  1.19603e-07  8.84894e-08  7.21051e-08  6.09304e-08  5.06847e-08  4.11692e-08  3.68729e-08  3.30097e-08   2.8331e-08   2.5332e-08  2.26996e-08  1.99954e-08  1.95839e-08  1.82426e-08  1.62923e-08
     1.11415  9.24295e+10      62.2207  1.18505e-06  6.71765e-07  3.94573e-07  2.53523e-07  1.72366e-07  1.23869e-07  9.37387e-08  7.48717e-08  6.12344e-08  5.13074e-08  4.37975e-08  3.71954e-08   3.2585e-08  2.84259e-08    2.489e-08  2.27737e-08  2.08532e-08  1.96157e-08  1.81673e-08  1.58392e-08
      1.1546  8.79245e+10      60.2582  1.23011e-06   7.1026e-07  4.16699e-07  2.57109e-07  1.69865e-07   1.2166e-07  9.56088e-08  7.67675e-08  6.46009e-08  5.31205e-08  4.54761e-08  3.95454e-08  3.47003e-08  3.04561e-08  2.72535e-08  2.46752e-08  2.26739e-08  2.03953e-08   1.7951e-08  1.62891e-08
     1.20626  8.66481e+10      58.8094  1.18416e-06  7.10586e-07  3.91968e-07  2.41597e-07  1.66827e-07  1.24556e-07  9.85466e-08  8.10223e-08  6.67642e-08  5.74834e-08  4.90424e-08   4.2281e-08  3.70826e-08  3.26975e-08  2.85066e-08  2.54133e-08  2.30475e-08  2.07479e-08  1.82185e-08  1.68089e-08
     1.24847  8.62171e+10       57.798  1.30925e-06  8.09967e-07  4.19679e-07  2.39433e-07  1.70142e-07  1.36189e-07  1.10335e-07  8.93783e-08  7.45712e-08   6.4573e-08  5.04974e-08  4.23644e-08  3.86811e-08  3.38035e-08  2.97414e-08  2.68984e-08  2.46098e-08  2.15149e-08  1.91034e-08  1.75149e-08
     1.30238  8.64586e+10      56.7117  1.25431e-06  7.66996e-07  4.99497e-07  3.01993e-07  1.94782e-07  1.40639e-07  1.09721e-07   9.2354e-08  7.75916e-08  6.54178e-08  5.31106e-08  4.53728e-08  3.87268e-08  3.45394e-08  3.09811e-08  2.74494e-08  2.44432e-08    2.156e-08  1.97152e-08  1.78337e-08
     1.35758   8.8565e+10      56.0312  1.25953e-06  7.51436e-07   4.6555e-07  2.91658e-07  2.00388e-07  1.47332e-07  1.16705e-07  9.28502e-08  7.32114e-08  6.19838e-08   5.2357e-08  4.55239e-08  3.95679e-08   3.5512e-08  3.19837e-08  2.93684e-08  2.62322e-08   2.3694e-08   2.1306e-08  1.86619e-08
      1.4141   8.8849e+10      54.9636   1.3544e-06  8.61028e-07  4.71936e-07  2.69852e-07  1.91566e-07  1.46558e-07  1.13648e-07  9.16281e-08  8.02886e-08  6.87998e-08  5.78843e-08  4.99041e-08  4.32473e-08  3.79073e-08  3.41602e-08  3.10954e-08  2.88291e-08  2.63973e-08  2.28701e-08  2.02073e-08
     1.47197  9.00685e+10      54.0905  1.38829e-06   7.9903e-07  4.22095e-07   2.7404e-07  1.91529e-07  1.50999e-07  1.25747e-07   1.0952e-07   9.2541e-08  7.56459e-08  6.32307e-08  5.49448e-08  4.79842e-08  4.17609e-08   3.7869e-08  3.40293e-08  3.15607e-08  2.79719e-08  2.45357e-08  2.23147e-08
     1.53124   8.9525e+10      52.8754  1.32597e-06   8.2679e-07  4.81454e-07  3.20337e-07  2.36153e-07  1.86625e-07  1.54271e-07  1.21976e-07  1.03192e-07  8.44412e-08  6.97454e-08  5.94016e-08  5.64242e-08  4.65414e-08  3.76653e-08  2.66554e-08  2.04048e-08  1.71185e-08  1.50385e-08  1.29493e-08
     1.60423  8.73212e+10      51.1407  1.21652e-06  8.40688e-07  5.95109e-07  3.94337e-07   2.8018e-07   2.0083e-07  1.62122e-07  1.24082e-07  9.17427e-08  7.05947e-08  5.89208e-08  4.55604e-08  3.83999e-08  3.13104e-08  2.67643e-08  2.32104e-08   2.0772e-08  1.72851e-08  1.33422e-08  1.07203e-08
     1.66667  8.39248e+10      49.4144  1.05527e-06  7.46755e-07  5.69341e-07  4.07502e-07  2.87728e-07  2.15692e-07  1.55991e-07  1.19448e-07  9.45313e-08  6.85613e-08  5.39161e-08  4.72597e-08   4.0318e-08  3.04434e-08   2.5357e-08  2.02173e-08  1.44571e-08  8.84934e-09  7.18172e-09  4.70885e-09
     1.74357   8.0031e+10      47.4137  1.25467e-06  8.53453e-07  6.37621e-07  4.45747e-07  3.59701e-07  2.52474e-07   1.6053e-07  1.01269e-07  6.58444e-08  4.55767e-08   3.2356e-08   2.3574e-08  1.85329e-08  1.56878e-08  1.30421e-08  1.16289e-08  9.54841e-09   7.9838e-09  6.69809e-09  5.65043e-09
     1.82269  7.68501e+10      45.5881  1.40831e-06  9.63401e-07  6.72521e-07  4.40308e-07  2.83386e-07  1.59136e-07  1.04869e-07  6.89014e-08  4.91328e-08  3.78501e-08  3.07803e-08  2.57795e-08  2.16849e-08  1.87767e-08  1.67319e-08   1.4655e-08  1.29207e-08  1.08535e-08  9.28925e-09  7.84904e-09
     1.90409  7.43634e+10      43.9363  1.28914e-06   8.2291e-07  4.99567e-07  3.22799e-07  2.20643e-07  1.46148e-07  1.05809e-07  7.51092e-08  5.59221e-08  4.35664e-08  3.57385e-08  2.93162e-08  2.49228e-08  2.12498e-08  1.80361e-08  1.58268e-08   1.3701e-08  1.19961e-08  1.02652e-08  8.45013e-09
