# Number of radial bins
20
# Edges of radial bins in units of R200c [%d floats]
         0.2         0.25          0.3         0.35          0.4         0.45          0.5         0.55          0.6         0.65          0.7         0.75          0.8         0.85          0.9         0.95            1         1.05          1.1         1.15          1.2
# Number of redshifts
66
# Redshift [float] M200c in Msun [float] R200c in kpc [float] Magnetic field strength in bins in muG [20 floats]
 2.22045e-16  1.03063e+13      458.727  4.39842e-07  4.36696e-07  3.44507e-07  2.20669e-07  1.88795e-07   1.6845e-07  1.54479e-07  1.41044e-07  1.28394e-07  1.20819e-07   1.1387e-07  1.06953e-07  1.00435e-07    9.464e-08  8.95875e-08  8.51654e-08  8.13037e-08  7.83097e-08  7.32226e-08  6.94345e-08
  0.00952167  1.02774e+13      456.948  4.94434e-07  4.30164e-07  3.18694e-07   2.2133e-07  1.87443e-07  1.71398e-07  1.54929e-07  1.40403e-07  1.27597e-07   1.2031e-07  1.14247e-07  1.07922e-07  1.02854e-07  9.64217e-08  9.13355e-08  8.75268e-08   8.2979e-08  7.75427e-08  7.32398e-08  7.10116e-08
   0.0239744  1.02077e+13      453.886  2.71299e-07  2.83907e-07  2.77128e-07  2.73601e-07  2.40457e-07  1.99119e-07  1.63302e-07  1.47828e-07  1.39401e-07  1.29903e-07  1.19301e-07  1.12761e-07   1.0624e-07   9.8648e-08   9.4656e-08   9.1726e-08  8.63126e-08  8.12266e-08  7.73252e-08   7.3066e-08
   0.0337244  1.01355e+13      451.398  2.71213e-07  2.39822e-07  2.08921e-07  1.93158e-07  2.07178e-07   1.9735e-07  1.89746e-07   1.6293e-07  1.47866e-07  1.35996e-07   1.2636e-07   1.1699e-07  1.09067e-07  1.03131e-07  9.80288e-08  9.39758e-08  8.89214e-08  8.31217e-08  7.86852e-08  7.26816e-08
   0.0485236  1.00072e+13      447.372  2.62809e-07  2.26814e-07  2.05686e-07   1.8785e-07  1.78299e-07  1.66975e-07  1.58751e-07  1.55885e-07  1.60212e-07  1.57829e-07  1.40595e-07  1.25338e-07  1.16724e-07  1.10046e-07  1.03044e-07  9.75022e-08  9.10027e-08  8.50786e-08  7.92152e-08   7.3841e-08
   0.0585073  9.89386e+12      444.218  2.57733e-07  2.29966e-07  2.18583e-07  1.96864e-07  1.84553e-07  1.68865e-07  1.57559e-07  1.51002e-07  1.46524e-07  1.42295e-07  1.41841e-07  1.39925e-07  1.26442e-07  1.14083e-07  1.07427e-07  9.95481e-08  9.23698e-08  8.57249e-08  7.87281e-08  7.39328e-08
   0.0736614  9.04968e+12      429.083  2.71461e-07  2.42062e-07  2.23574e-07  2.04591e-07  1.91988e-07  1.74881e-07  1.63612e-07   1.5709e-07  1.51984e-07  1.45283e-07  1.39723e-07  1.31091e-07   1.2448e-07  1.19069e-07  1.13872e-07  1.07486e-07  1.01071e-07  9.06332e-08  8.20059e-08  7.54649e-08
   0.0838844  8.63503e+12      421.015  2.70009e-07  2.46284e-07  2.29304e-07  2.03979e-07  1.95993e-07    1.855e-07  1.77385e-07  1.67074e-07  1.53267e-07   1.4772e-07  1.41768e-07  1.30187e-07  1.23324e-07  1.16935e-07  1.12922e-07  1.07782e-07  1.01718e-07  9.22173e-08  8.91636e-08  7.71663e-08
   0.0994018  8.44874e+12      415.774  2.79472e-07  2.64037e-07  2.48438e-07  2.28184e-07  2.13996e-07   2.0001e-07  1.85925e-07  1.72679e-07   1.5749e-07  1.49562e-07  1.39641e-07  1.28821e-07  1.22999e-07  1.15651e-07  1.12524e-07  1.04025e-07  9.75367e-08  9.10936e-08  8.45851e-08  7.79184e-08
     0.10987  8.32632e+12       412.31  3.11703e-07  2.84294e-07  2.65349e-07  2.38338e-07  2.27538e-07  2.11214e-07  1.89894e-07  1.75181e-07  1.61678e-07  1.50446e-07  1.38716e-07  1.30506e-07  1.22347e-07  1.16087e-07  1.09406e-07  1.01245e-07  9.54193e-08  9.16003e-08  8.56422e-08  7.91008e-08
    0.125759  8.25249e+12      408.844  3.34792e-07  3.17871e-07  2.81299e-07  2.53534e-07  2.34991e-07  2.15633e-07  1.95409e-07  1.75484e-07   1.6447e-07  1.52724e-07  1.40816e-07  1.30611e-07  1.23605e-07  1.13659e-07  1.07803e-07  1.02446e-07  9.55786e-08   8.8605e-08  8.47707e-08   7.9347e-08
    0.141876  8.20889e+12      405.876  3.89061e-07  3.31157e-07  2.89278e-07  2.59119e-07  2.37285e-07  2.17744e-07  2.00622e-07  1.80484e-07  1.67388e-07  1.52083e-07  1.44049e-07  1.34721e-07   1.2493e-07  1.16443e-07  1.13271e-07  1.03508e-07  9.47908e-08  8.61509e-08  8.05381e-08  7.67702e-08
    0.152749   8.1825e+12      403.904  3.87252e-07  3.27062e-07  2.86339e-07  2.62872e-07  2.43784e-07  2.18246e-07  2.03047e-07  1.83596e-07  1.67984e-07  1.55219e-07  1.46051e-07   1.3877e-07  1.29919e-07  1.22276e-07  1.11276e-07  1.02728e-07  9.44934e-08  8.64687e-08   7.9455e-08  7.42512e-08
    0.169252  8.17398e+12      401.407  4.08749e-07  3.29039e-07  2.97035e-07  2.77163e-07  2.52723e-07  2.20642e-07  2.00594e-07  1.87553e-07  1.72775e-07  1.61903e-07  1.55125e-07  1.45735e-07  1.32262e-07  1.20068e-07  1.12308e-07  1.04876e-07  9.38374e-08  8.73361e-08  7.96907e-08  7.44881e-08
    0.180385  8.18662e+12      400.015  4.12033e-07  3.58925e-07  3.13718e-07  2.82462e-07  2.48635e-07  2.19254e-07  2.01259e-07  1.89606e-07  1.78858e-07  1.67482e-07  1.59506e-07  1.45588e-07  1.32908e-07  1.22203e-07  1.12649e-07  1.02906e-07  9.50448e-08  8.78226e-08  7.98078e-08  7.39059e-08
    0.197284  8.21805e+12      398.105  4.44762e-07  3.88001e-07  3.26268e-07  2.76502e-07  2.50772e-07  2.37173e-07  2.14452e-07   1.9346e-07   1.8469e-07  1.75404e-07  1.61153e-07  1.47303e-07  1.34115e-07  1.21992e-07  1.11901e-07   1.0353e-07  9.56356e-08  8.64393e-08  7.83669e-08  7.34767e-08
    0.214425  8.19567e+12      395.276  4.70745e-07  3.85914e-07  3.30763e-07  2.89785e-07  2.66876e-07   2.3552e-07  2.16184e-07  2.07726e-07  2.00515e-07  1.80988e-07  1.61051e-07  1.44727e-07  1.32957e-07  1.24392e-07  1.12805e-07  1.03748e-07  9.46627e-08  8.55428e-08  8.01359e-08   7.5143e-08
    0.225988   8.1695e+12      393.206   5.0513e-07  4.08982e-07  3.44051e-07  2.97574e-07  2.62442e-07  2.36903e-07  2.31962e-07  2.21713e-07  2.01321e-07  1.75963e-07  1.58788e-07  1.47855e-07  1.35488e-07  1.24521e-07  1.13476e-07  1.03169e-07  9.49482e-08  8.73356e-08  8.21864e-08  7.72661e-08
     0.24354  8.14005e+12       390.21  5.21861e-07  4.22288e-07  3.50311e-07  2.98966e-07  2.79432e-07   2.5776e-07  2.34287e-07  2.09846e-07  1.93474e-07  1.77818e-07  1.65243e-07  1.48516e-07   1.3437e-07  1.22783e-07    1.145e-07   1.0734e-07  9.93518e-08  9.15159e-08  8.44985e-08  7.82815e-08
    0.261343  8.12069e+12      387.313  5.26178e-07   4.2839e-07   3.7197e-07  3.30069e-07  2.89705e-07  2.60456e-07  2.30613e-07  2.09008e-07  1.89712e-07   1.7739e-07  1.65086e-07  1.50053e-07  1.36975e-07  1.27797e-07  1.19365e-07  1.10248e-07   1.0017e-07  9.20244e-08  8.48789e-08  7.83824e-08
    0.273353  8.09093e+12      385.114  5.15908e-07  4.49084e-07  3.78831e-07  3.43074e-07  2.95027e-07  2.57396e-07  2.26179e-07  2.03372e-07   1.9299e-07  1.80016e-07  1.68762e-07  1.53311e-07  1.41837e-07  1.32515e-07  1.20622e-07  1.08564e-07  1.00221e-07  9.26684e-08  8.51721e-08  7.77769e-08
    0.291583  8.02949e+12      381.507  5.40665e-07   4.6101e-07  3.72066e-07  3.18009e-07  2.87019e-07  2.60624e-07   2.3162e-07  2.10148e-07  1.98377e-07  1.89718e-07  1.77635e-07  1.58627e-07  1.45046e-07  1.32043e-07  1.22306e-07  1.10793e-07  1.00506e-07  9.19144e-08  8.55574e-08   7.8636e-08
    0.310074  7.99777e+12      378.345  5.05376e-07   4.1247e-07   3.6367e-07  3.13702e-07  2.89136e-07  2.57995e-07  2.38025e-07  2.25274e-07  2.12423e-07   1.9853e-07  1.83287e-07  1.60951e-07  1.46529e-07  1.34022e-07  1.21186e-07  1.10166e-07  1.01452e-07  9.32609e-08  8.54388e-08  7.94168e-08
     0.32883  7.97377e+12      375.263  4.65998e-07  4.10186e-07  3.55963e-07   3.2382e-07  2.99957e-07  2.84673e-07  2.55651e-07  2.36461e-07  2.16165e-07  2.00605e-07   1.7741e-07  1.60764e-07  1.46475e-07  1.33957e-07  1.22807e-07  1.11135e-07  1.01529e-07  9.36817e-08  8.70902e-08  8.15603e-08
    0.347854  7.91563e+12      371.619  5.16803e-07   4.4224e-07  3.87584e-07  3.39029e-07  3.10764e-07  2.86613e-07  2.66353e-07  2.44224e-07  2.20509e-07   1.9638e-07  1.76029e-07  1.59164e-07  1.46173e-07  1.33482e-07  1.22731e-07  1.14074e-07   1.0619e-07  9.72574e-08  8.82386e-08  8.10168e-08
    0.360688  7.83103e+12      368.443  5.11469e-07  4.59881e-07  4.03135e-07  3.56887e-07   3.2532e-07  2.92076e-07  2.73579e-07   2.4464e-07  2.15196e-07  1.94919e-07  1.76969e-07  1.60325e-07    1.499e-07  1.36231e-07  1.23871e-07  1.17047e-07  1.07408e-07  9.78046e-08  8.96049e-08  8.25294e-08
    0.380168  7.77868e+12      364.847   5.7442e-07   4.8924e-07  4.11483e-07  3.57067e-07  3.14284e-07  2.91914e-07  2.70819e-07  2.45816e-07  2.20386e-07  1.98466e-07  1.79481e-07  1.64924e-07  1.51808e-07  1.38924e-07  1.28686e-07  1.18239e-07  1.08586e-07  9.94949e-08  9.22477e-08  8.36283e-08
    0.399927  7.71345e+12      361.035  5.61435e-07  4.77661e-07   4.2433e-07  3.74187e-07  3.22732e-07  2.98444e-07  2.80551e-07  2.52031e-07  2.24744e-07  2.05749e-07  1.88525e-07  1.72113e-07   1.5653e-07  1.42147e-07  1.31441e-07  1.20222e-07  1.10394e-07  1.01621e-07  9.20345e-08  8.44348e-08
    0.419969  7.69261e+12       357.89  5.95559e-07  4.76467e-07  4.11807e-07  3.74529e-07  3.40305e-07  3.10602e-07  2.83622e-07   2.5368e-07  2.32466e-07  2.11786e-07  1.93767e-07  1.75138e-07  1.58008e-07  1.45378e-07  1.33682e-07  1.22691e-07   1.1314e-07  1.04429e-07  9.65851e-08  8.73086e-08
    0.440298  7.67582e+12      354.755  6.34062e-07  5.12649e-07  4.34388e-07  3.88732e-07  3.43706e-07  3.08817e-07  2.83641e-07  2.56012e-07  2.33463e-07  2.16984e-07  1.99252e-07  1.82932e-07  1.64898e-07  1.48286e-07  1.36257e-07  1.25461e-07  1.16715e-07  1.06636e-07   9.4203e-08  8.48808e-08
    0.460918  7.67494e+12      351.865  6.45966e-07  5.37765e-07  4.52102e-07  3.98315e-07  3.59797e-07  3.17676e-07  2.81707e-07  2.60383e-07  2.40146e-07  2.20498e-07  2.03805e-07  1.89189e-07  1.66107e-07   1.4817e-07  1.35414e-07  1.25278e-07  1.17413e-07  1.06064e-07  9.36136e-08   8.3985e-08
    0.481833  7.62345e+12      348.168  6.82008e-07   5.8195e-07  4.70378e-07  4.06867e-07  3.63482e-07  3.21394e-07  2.90501e-07  2.72682e-07  2.49275e-07  2.29044e-07  2.07811e-07  1.90098e-07  1.68063e-07  1.50168e-07  1.40001e-07  1.32008e-07  1.17296e-07  1.03188e-07  9.25901e-08  8.23637e-08
    0.503048  7.58493e+12      344.647  6.80184e-07  5.76328e-07  4.85324e-07  4.27131e-07  3.75853e-07  3.33274e-07  3.08701e-07  2.81865e-07  2.56969e-07  2.31291e-07  2.08352e-07  1.94792e-07  1.76964e-07  1.63189e-07  1.45851e-07   1.2692e-07  1.13759e-07  1.00997e-07  9.09163e-08  8.25799e-08
    0.524566  7.55952e+12      341.312  7.02224e-07  5.85579e-07  4.93015e-07  4.37169e-07  3.82782e-07  3.46517e-07  3.13907e-07  2.89818e-07  2.60962e-07  2.35183e-07  2.19951e-07  2.08167e-07  1.82695e-07  1.61788e-07  1.42349e-07  1.25515e-07  1.12333e-07  1.02113e-07  9.20065e-08    8.396e-08
    0.546392  7.51539e+12      337.667  7.07434e-07  5.86586e-07  4.93827e-07  4.50764e-07   4.0536e-07  3.57866e-07  3.24618e-07  2.96294e-07  2.75272e-07  2.44636e-07  2.24919e-07  2.05111e-07   1.7804e-07  1.58754e-07  1.42399e-07  1.27801e-07  1.14474e-07  1.05357e-07  9.48815e-08   8.6953e-08
    0.575981  7.42788e+12      332.377  6.84783e-07  6.03186e-07  5.42663e-07  4.82925e-07  4.12867e-07  3.64411e-07  3.19132e-07   2.9258e-07  2.71789e-07  2.54228e-07  2.36747e-07   2.0644e-07  1.79428e-07   1.5918e-07  1.43663e-07  1.30888e-07  1.19008e-07  1.10315e-07  9.97419e-08  9.00071e-08
    0.598543   7.3304e+12      327.933  7.57406e-07     6.09e-07  5.17841e-07  4.45476e-07  4.03616e-07  3.68771e-07  3.33474e-07  3.06455e-07  2.86946e-07  2.59687e-07  2.31396e-07  2.00124e-07  1.80471e-07  1.63115e-07  1.48145e-07  1.35695e-07  1.22307e-07  1.11211e-07  1.01856e-07  9.35747e-08
    0.621429  7.25886e+12      323.859  7.86508e-07  6.45963e-07  5.38322e-07  4.50273e-07  3.90367e-07  3.55192e-07  3.37791e-07  3.22658e-07  2.93475e-07  2.51922e-07  2.24996e-07  2.02583e-07   1.8449e-07  1.67112e-07  1.51459e-07  1.40035e-07  1.24335e-07  1.13505e-07  1.04006e-07  9.63818e-08
    0.644642   7.1729e+12      319.561  7.81851e-07  5.86958e-07  4.83155e-07  4.44085e-07  4.02213e-07  3.70033e-07  3.62054e-07  3.23317e-07  2.78687e-07   2.4766e-07  2.23943e-07  2.01943e-07  1.85538e-07   1.7057e-07  1.55981e-07  1.42925e-07  1.30532e-07  1.19559e-07  1.09264e-07  9.96066e-08
     0.67611   7.0255e+12      313.364  8.08194e-07  6.22418e-07  4.87537e-07  4.42574e-07  4.08953e-07   3.7718e-07  3.44014e-07  3.18244e-07  2.76266e-07  2.53631e-07  2.27261e-07  2.09361e-07  1.98383e-07  1.80481e-07  1.61725e-07  1.46715e-07  1.35317e-07  1.24986e-07  1.16523e-07  1.07248e-07
    0.700106  6.95001e+12      309.235  7.73304e-07  6.17686e-07  5.36043e-07  4.78927e-07  4.33549e-07  3.82308e-07  3.44158e-07  3.13503e-07  2.78182e-07  2.60756e-07  2.35338e-07  2.21755e-07  2.03781e-07  1.83777e-07  1.64226e-07  1.50531e-07  1.40767e-07  1.29498e-07  1.16752e-07  1.07674e-07
    0.732636  6.85073e+12      303.746  8.38917e-07  7.05731e-07   5.6738e-07  4.80778e-07   4.4896e-07  3.92681e-07  3.60371e-07  3.34326e-07  2.92166e-07  2.67972e-07  2.47581e-07  2.25607e-07   2.0595e-07   1.8573e-07   1.6833e-07  1.51309e-07  1.40858e-07  1.30674e-07  1.22824e-07  1.14218e-07
    0.757441  6.74748e+12      299.209  9.84845e-07  7.65299e-07  6.10986e-07  5.19733e-07  4.62009e-07  4.06455e-07  3.66077e-07  3.19876e-07  2.91297e-07  2.73414e-07   2.4527e-07  2.22373e-07  2.02988e-07  1.84297e-07  1.71513e-07  1.59832e-07  1.47489e-07  1.36271e-07   1.2851e-07  1.19029e-07
    0.791068  6.68742e+12      294.322  9.21174e-07  7.90422e-07  6.37931e-07    5.398e-07  4.70972e-07   4.3931e-07  3.84569e-07  3.35262e-07  2.97276e-07  2.63317e-07  2.41074e-07  2.20216e-07  2.00004e-07  1.91627e-07  1.77921e-07  1.67516e-07  1.57511e-07  1.47906e-07  1.40971e-07  1.32227e-07
     0.81671   6.6652e+12      290.984  1.06255e-06  8.28739e-07  6.47926e-07  5.55444e-07  5.00691e-07  4.25869e-07  3.85159e-07  3.34617e-07  2.94134e-07  2.65865e-07  2.42223e-07  2.24055e-07  2.10519e-07  2.02997e-07   1.8953e-07   1.7808e-07  1.69525e-07  1.58092e-07  1.45397e-07  1.33209e-07
    0.851471  6.73886e+12      288.039  9.93308e-07   7.5073e-07  6.26501e-07  5.50465e-07  4.83765e-07  4.28166e-07  3.67737e-07  3.33544e-07  3.08923e-07  2.85045e-07  2.59093e-07   2.4329e-07  2.27328e-07  2.15531e-07  1.98636e-07  1.83645e-07  1.72435e-07  1.60962e-07   1.4639e-07  1.35972e-07
    0.886897  6.79001e+12      284.722  9.42009e-07  7.38492e-07   6.1563e-07  5.35933e-07  4.82996e-07  4.40033e-07  3.93543e-07  3.65755e-07  3.39919e-07  3.03738e-07  2.68589e-07  2.47594e-07  2.26346e-07  2.12249e-07  2.05668e-07  1.96606e-07  1.82548e-07  1.67164e-07  1.53104e-07  1.39818e-07
    0.923001  6.84894e+12       281.49  8.70573e-07  7.41026e-07  6.37276e-07  5.62663e-07  5.17407e-07  4.71979e-07  4.23062e-07  3.71661e-07  3.37047e-07  3.08986e-07  2.81461e-07    2.663e-07   2.4985e-07  2.27943e-07  2.10897e-07  1.90618e-07  1.66871e-07  1.50993e-07  1.38369e-07  1.27398e-07
    0.950531   6.8716e+12      278.758  9.41378e-07  8.00467e-07  7.28702e-07  6.23844e-07  5.37058e-07  4.69912e-07  4.35293e-07  4.00492e-07  3.73739e-07  3.25732e-07  2.97964e-07   2.6715e-07  2.37161e-07  2.10354e-07  1.85714e-07  1.69238e-07  1.60577e-07  1.50605e-07  1.41664e-07  1.33763e-07
    0.987853  6.85177e+12      274.451  9.20779e-07  7.96265e-07  7.71121e-07  7.10032e-07  6.27117e-07  5.59408e-07  4.94018e-07  4.30043e-07  3.55157e-07  3.03543e-07  2.59255e-07  2.35163e-07  2.15105e-07  1.96916e-07   1.8553e-07  1.79791e-07  1.75337e-07  1.66932e-07  1.56197e-07  1.48463e-07
     1.03551  6.94369e+12      270.604  1.03235e-06  9.09381e-07  8.33071e-07  7.04461e-07  6.12029e-07  5.17872e-07  4.35519e-07  3.75845e-07  3.22692e-07  2.91393e-07  2.72119e-07  2.60039e-07  2.44827e-07  2.29893e-07  2.25646e-07  2.13732e-07  1.97745e-07  1.83667e-07  1.78188e-07  1.70216e-07
     1.07446  7.08705e+12      268.393  1.13778e-06  8.87735e-07  7.62628e-07  6.77631e-07  5.90841e-07  5.07533e-07  4.48362e-07  3.93057e-07  3.58927e-07   3.3769e-07  3.19253e-07  3.00941e-07   2.8518e-07  2.69484e-07   2.5538e-07  2.39168e-07  2.23469e-07  2.05843e-07  1.89248e-07  1.76405e-07
     1.11415   7.1941e+12      265.655  1.03856e-06  8.67132e-07  7.71201e-07    7.043e-07  6.34922e-07  5.74525e-07  5.12566e-07  4.66515e-07  4.42077e-07  4.09721e-07  3.79271e-07  3.46249e-07  3.21652e-07  2.95944e-07   2.7221e-07  2.45304e-07  2.15474e-07  2.04183e-07  1.90658e-07  1.74547e-07
      1.1546  7.20499e+12      261.738  1.22582e-06  1.10876e-06  9.39576e-07   8.2857e-07  7.40268e-07  6.64217e-07   6.0242e-07  5.46581e-07  4.75288e-07  4.22124e-07  3.81056e-07  3.49556e-07  3.27956e-07   2.9887e-07  2.64048e-07  2.37095e-07  2.16312e-07  1.97261e-07  1.83603e-07  1.70514e-07
     1.20626  7.13261e+12      255.832  1.45893e-06  1.24272e-06  9.58799e-07   8.5111e-07  7.91826e-07   7.1102e-07  6.19442e-07  5.43988e-07  4.78625e-07  4.24521e-07  3.85204e-07  3.47796e-07  3.29357e-07  3.03905e-07  2.80671e-07  2.56977e-07  2.39887e-07  2.16428e-07  1.97698e-07  1.77815e-07
     1.24847  7.18266e+12      252.429  1.64886e-06  1.31333e-06   1.0749e-06  8.91634e-07    7.773e-07  6.87443e-07  6.40672e-07  5.73522e-07  5.03887e-07  4.62533e-07  4.34997e-07  3.82408e-07  3.47752e-07  3.18535e-07  2.86904e-07  2.58774e-07  2.41344e-07  2.21664e-07  1.91982e-07  1.69314e-07
     1.30238  7.09979e+12      246.495   1.6847e-06  1.44972e-06  1.20376e-06   9.9895e-07  8.76885e-07  7.67152e-07  7.13232e-07  6.24706e-07  5.69618e-07  5.09932e-07  4.52146e-07  4.02274e-07   3.6373e-07  3.34607e-07  2.95561e-07  2.55175e-07  2.20677e-07  1.92991e-07  1.66984e-07  1.49136e-07
     1.35758  6.78858e+12      238.017   2.0402e-06  1.68619e-06  1.39183e-06   1.2335e-06    1.063e-06   8.5587e-07  7.41082e-07  6.78393e-07  5.96749e-07  5.33984e-07  4.70526e-07  3.97508e-07  3.44061e-07  3.08302e-07  2.79325e-07  2.42474e-07  2.16293e-07  1.91059e-07  1.73711e-07  1.61036e-07
      1.4141  6.43383e+12      229.086   2.5424e-06  1.98493e-06   1.5686e-06  1.27332e-06  1.01968e-06  8.48836e-07  7.27355e-07  6.28798e-07  5.53409e-07  5.05324e-07  4.56339e-07  4.07082e-07   3.7457e-07  3.24383e-07  2.83667e-07  2.52382e-07  2.23969e-07  2.07352e-07  1.95019e-07  1.86646e-07
     1.47197  6.14153e+12      220.989  2.36023e-06  1.99157e-06  1.68122e-06  1.35718e-06  1.10065e-06  9.09602e-07  7.86805e-07  7.13982e-07  6.30122e-07  5.42298e-07  4.81242e-07   4.4464e-07  4.08063e-07  3.56229e-07  3.25153e-07  2.84117e-07  2.42413e-07  2.16323e-07  1.94354e-07  1.72197e-07
     1.53124  5.75325e+12      211.797  2.13848e-06  1.62844e-06  1.33838e-06  1.13409e-06  9.74466e-07  8.96879e-07  8.38377e-07  8.07098e-07  7.52379e-07  7.15366e-07  6.47657e-07  5.50922e-07  4.76675e-07  4.26683e-07  3.69329e-07  3.09239e-07   2.6138e-07  2.14631e-07  1.85782e-07  1.55387e-07
     1.60423  4.46098e+12      189.758  2.27906e-06  1.78534e-06  1.43965e-06  1.24511e-06  1.11987e-06  9.70369e-07  8.57247e-07  7.98069e-07  7.30881e-07  6.74176e-07  6.10158e-07  5.63953e-07  5.28231e-07  4.89386e-07  4.35535e-07  3.97448e-07  3.53852e-07  2.85734e-07  2.42399e-07  2.15147e-07
     1.66667  3.91007e+12      177.807  2.63532e-06  1.99826e-06  1.61357e-06   1.3896e-06  1.19256e-06  1.05734e-06  9.54605e-07  8.58317e-07    7.391e-07  6.41834e-07  5.84503e-07  5.33217e-07  4.62486e-07   4.1162e-07  3.76044e-07  3.47257e-07  3.30415e-07   3.0646e-07  2.82292e-07  2.43645e-07
     1.74357   3.6299e+12      169.092  2.74294e-06  2.11682e-06  1.76989e-06  1.49463e-06  1.25955e-06  1.09179e-06  9.65604e-07  8.48155e-07  7.59468e-07  6.87955e-07  6.15999e-07  5.34392e-07  4.53699e-07  3.90002e-07   3.4429e-07  3.04955e-07  2.76425e-07  2.51652e-07   2.3757e-07  2.34277e-07
     1.82269  3.52078e+12      163.121  3.14529e-06  2.53445e-06  1.93981e-06  1.61366e-06  1.33699e-06   1.1425e-06  9.98585e-07  9.03742e-07  8.04195e-07  7.07326e-07  5.94963e-07  4.95309e-07  4.36531e-07  3.87476e-07  3.46464e-07  3.08572e-07  2.73548e-07  2.35052e-07  2.04214e-07  1.84552e-07
     1.90409   3.3929e+12      157.003  3.17407e-06   2.4851e-06  2.03787e-06  1.74578e-06  1.43514e-06  1.18181e-06  1.00195e-06  8.52118e-07  7.23808e-07  6.16295e-07  5.30348e-07  4.70196e-07  4.22692e-07  3.95567e-07  3.54281e-07  3.06172e-07  2.68192e-07  2.44593e-07  2.27214e-07  2.15826e-07
